1 32.91523623466492 65762078.7849161 -13.931372811062861 -50.33689164210764 -48.61949009325899 -1.9950187673091335 -68.43028809560832 -0.7885175276549603 -12.265939672326738 -5.91367991991325 -2.2605266424387764
2 87.23377561569214 172208787.88038388 -225.95673831338456 -260.8023148514198 2091.306506018828 623.1231807896739 455.2755831589055 667.4731390787099 1687.248125438684 665.8364505620918 725.199908794446
3 141.1963336467743 185238484.51818424 -102.07946976169407 -204.9869083865616 2240.1650446749627 591.674562508473 381.7102733351557 675.1360014628951 1549.479794085852 897.3521439009467 920.9934014960218
4 191.0300898551941 176701844.1529314 -211.29800977377366 -299.4542229665005 1173.4155872304218 540.9414392592695 347.30612074281925 494.3111908900287 1319.4987951952457 769.7213348901166 862.0398449636768
5 231.79433917999268 154383188.51835078 -137.35475801020561 -268.7061722712419 1072.5826378201157 452.8446299463941 313.1279715079761 446.47744048968514 1212.1097477955627 510.546814085439 593.4059570610418
6 276.70109033584595 145271914.99422285 -155.3979538838347 -268.4058014026253 1895.4714274004946 590.8482564463538 337.38597550816814 441.4790161104586 1153.144716581013 465.9049021868434 497.49045631083106
7 317.133145570755 165620776.26049936 -164.9945882245713 -248.91751752124375 929.9706589336806 431.5508461369554 281.5553428111074 394.4508525767112 1056.6152801112617 778.874218568568 846.3550067614506
8 346.28881883621216 119612246.51273914 -299.69705369613047 -312.4083684809751 961.3896573432569 607.5408070665982 362.2468355357519 203.85194968998758 724.804153749328 412.78962043750766 449.6584862783369
9 388.2754099369049 179425516.17303416 -234.2246866855938 -322.1654441641499 5183.922051728397 690.2222095841545 497.38987380461435 652.4991263617644 1670.59145462278 811.2443125334867 821.56180661348
10 423.79046607017517 115078934.58537002 -198.443091161488 -278.36211139617734 1098.7938521888545 579.7921652922514 313.4716616011217 305.2894389309805 882.1847213815902 209.79726078972158 247.07223600044517
11 462.63648557662964 174568977.29630828 -172.09714432276482 -221.5346450768706 1539.2019766154535 556.6842835534922 282.6160360055236 479.68260008239713 1118.9546306002596 857.2191110996982 947.7987859357784
12 496.4613058567047 119231547.00109516 -37.248225494883506 -39.44301162261828 527.9346030040405 315.33069728695557 128.72244242090045 336.03411250836257 617.3923542103319 280.7210481961238 239.6058778410487
13 534.5191495418549 122616562.22092558 -1.7986888479908947 -102.16807740949817 844.9311381471762 365.8956518307269 188.12927415479263 500.0208049672084 922.0662786664657 345.3408786708163 287.99397324622566
14 571.00958776474 169746419.67691976 -164.71342749229117 -235.62233122162297 2192.972921495107 507.68661492378055 312.79007308835116 501.52799116016035 1183.2333159585792 812.4392827931104 822.6656007753552
15 606.8463728427887 165338973.94488382 -94.73129059796553 -193.68438979223484 816.6491917597807 347.85468508085063 220.4036427706244 329.1651583965237 880.2774245378025 732.2058887046053 847.9593368938893
16 648.2459511756897 139719491.22259375 -245.580943958459 -309.4861211348318 982.4374506028773 625.547543791612 373.3589696851886 319.71830453957625 941.6894323955357 566.2304074089832 647.6332714574141
17 681.5295252799988 108851412.34453736 -125.12813883485077 -219.7929659325548 377.03746081605726 373.08350817249914 196.29348023852057 159.3503039883302 500.81373032950944 237.53722694877285 190.0541743355792
18 720.1922314167023 102430880.05063407 -147.45171179570286 -154.15119160683386 911.9740790174592 374.0671672751901 146.62414543052427 379.62860655694953 874.5041507211804 198.40792962850242 232.0858525546946
19 767.3990013599396 199019773.69664004 -257.0040029863347 -337.3768938446656 2599.204993214147 652.6876932485671 462.4778797378385 738.040509490748 1861.1181147364005 939.5769285392814 968.22590216598
20 813.2386875152588 177364792.3795905 -121.59378588240092 -199.74255604244348 2160.8585092993076 575.5872721870536 309.98537604396546 437.9230852841173 1053.0383948762856 807.7666166336546 935.9580642313781
21 864.1518578529358 180107782.03999966 -1.8584341909270137 -46.426922679936 1238.4723967436869 537.3210740288589 310.30409010718904 928.1449750906531 1634.2114464695169 817.8986732366993 837.9802974263196
22 911.5898456573486 133369896.90393987 -94.58296390224334 -152.473834815578 771.0063032087816 410.6164015794724 277.33243877495653 461.7469144149061 1173.5212560736618 262.72946907488165 298.5083930328909
23 961.681045293808 198839062.9520989 -105.12608399405919 -239.23274935807817 2229.912062947864 587.124462303961 327.8402214750031 700.6266439924636 1638.8401015263075 968.3954940113251 1072.9730169945708
24 1006.3463034629822 175686773.92643818 -86.40144976297684 -242.6367185811969 7801.698723527098 571.2320837152236 368.00361447975837 572.8237260628655 1371.9399454429672 807.4177809521518 933.9497005020271
25 1056.6975519657135 200060320.38665226 -274.05578208700115 -356.12034989420164 3459.104820972997 760.6481239815189 532.7234701151536 775.4653548101116 1954.6944276149088 925.5709965507856 1011.0195098353668
26 1107.3415277004242 175669184.15690392 -20.947703830762606 -178.43625641418544 1019.8726911172726 477.7374768197926 289.51768141257674 466.20711306607484 1048.0668565617334 851.5668866686553 981.6686333743805
27 1148.8497505187988 189869860.5253882 -24.97948630862531 -72.26789713415408 1909.0610356569875 421.36183559637993 178.4513456708042 437.95537023652196 889.415153352227 986.1725397908003 1133.556011342413
28 1194.3992221355438 178097837.17423 -24.491893862351205 -227.25270588434825 1074.5130704785633 447.1193507369927 282.57787685041455 506.6738421872867 1224.2357001540352 720.1287123839338 717.1918830793693
29 1239.4347178936005 174339760.28280678 -123.44990035072391 -250.6350737532525 1555.3763120946242 556.3048845180604 347.5896608812566 497.10445551139435 1267.0344522269077 787.4450796526189 912.2064794855396
30 1283.5584604740143 191435165.50984073 -92.76977852565852 -79.492372483221 1374.1875086459168 505.03902955166507 321.55912375532927 658.0463195155057 1537.7448249057536 871.9627989828944 932.304090495114
31 1316.891375541687 67278710.61808413 -23.653374507916777 -48.08276108812394 -47.164416936317764 -2.1033874834159363 -68.40720293031005 -3.5004961700824992 -14.619987288545815 -0.6876931102356139 7.111158539109283
32 1350.0211765766144 65846717.80781282 -22.928500528309048 -56.14053810185047 -45.60577622868587 -0.8011988540047525 -67.54071262861949 -3.469853752840322 -10.111085038101464 -6.529477291529247 -2.55290735641114
33 1382.4184317588806 65771486.71618086 -14.707806097336546 -50.592550549561295 -48.60480335834408 -2.017243316795124 -68.44689968522668 -1.2168045907138776 -12.632655398552117 -6.158932527874981 -2.4218115546140098
34 1415.9384014606476 88072980.9548085 -82.89540339525631 -142.31868067335202 121.20047827441618 260.7142446519102 141.83992595334598 40.66466143732066 232.35022764712608 77.63885591552764 97.9400315834306
35 1447.6634197235107 65781248.73625132 -16.482948737642133 -52.17794014997376 -47.79927835215646 -1.631643723418854 -68.11254179928476 -1.5494007500596467 -11.227716057066061 -5.844163881961833 -2.551066496553858
36 1481.1026756763458 65794182.474889025 -11.52143465787223 -48.78947586735064 -49.082963030751735 -2.2020447428703847 -68.64735601460785 -0.048509805212916035 -13.27188175253616 -5.529192792760227 -1.6581933303770597
37 1514.194399356842 65867478.04992462 -12.463029804896486 -48.97692486305512 -49.50105251176494 -2.270966030316707 -68.49602383921737 -1.081164859492901 -12.74228924316651 -5.1051866525916125 -2.0225681138605864
38 1545.5713510513306 65711856.04081743 -15.883189722154826 -51.851094761632446 -46.70676978867469 -0.9365091250621305 -67.49055215358506 -1.2305258311365606 -10.95993247924389 -7.166828792079173 -1.8316218689898847
39 1578.615055322647 65578917.24211052 -1.9344589648305117 -43.25668761946402 -50.37738538496923 -2.434135247914547 -68.69196905921719 3.374910598991505 -13.52568009576072 -6.16030739603724 -1.8908774146871679
40 1612.2176280021667 65685168.40563656 -14.329734341145524 -51.82786225150939 -46.67974951265346 -0.8392290044189821 -67.41719562940405 -0.006250360652131803 -9.573813810323827 -6.107540961298184 -1.4556732780030188
41 1643.2670800685883 66508900.75334244 -2.694860620441645 -40.37676014347589 -47.05148958000013 17.705590962749174 -58.319654862097174 6.861370290894968 -3.3252538957745514 -5.027919383075471 0.112110044395763
42 1676.02588057518 65911409.601669654 -2.9557016358292376 -40.767549629043735 -51.602525417241345 -3.185507402089769 -69.33517135087823 2.28280259609744 -15.046228813298626 -5.567013901029782 -2.1636859274854032
43 1707.7822494506836 65872326.33979796 -12.346997569248543 -45.116712787780514 -54.234291279187175 -5.720859923597622 -72.19204712996027 -1.1265063229643602 -23.62706333742767 -6.154873146091973 -0.7190200736606585
44 1739.6356472969055 67877668.47107099 -11.97113115944066 -23.91778615698139 -57.825979785647434 -20.02790579020963 -82.85734207608367 -1.2405366775574862 -38.03063531955064 4.378744845478025 12.981268003828518
45 1771.606139421463 66940371.51328677 -15.366089686622773 -28.53830675545501 -55.02656313641743 -18.24985880095673 -85.8428656068174 11.909452102392095 -31.494209766152153 -0.5644402044950994 7.78485319199666
46 1804.262463092804 65424800.744545065 -12.55728561949528 -48.359831354925184 -50.80435484691452 -3.4076685237132196 -69.83779426940941 0.20857910425354476 -17.07625751711214 -8.120409464468423 -2.7439474655888034
47 1836.1573209762573 73051134.27677424 -7.029984861678434 -1.4723172475343493 -55.31904523180147 -9.683904989126212 -82.21590343162963 24.922056354807637 -28.577062319265565 48.46994082682431 52.75379127891756
48 1868.5332429409027 65435400.96280762 -11.535993532413267 -48.20399032459585 -51.13427482708956 -3.5386644441687736 -69.96128011578215 0.23802648331400178 -17.561149971844657 -7.851603264929793 -2.578160370295791
49 1899.766675710678 65471807.060315505 -13.718422936831871 -49.243807334092914 -50.46269378543426 -3.2749247424483556 -69.73012185291557 -0.5059774713236607 -17.440209654471857 -7.7391516288761295 -2.2928273096479757
50 1932.0635073184967 68647891.26443554 -22.460956358732783 -42.40102401606085 -30.13990730577185 23.13539283789063 -57.49957067904845 -0.938539834922949 -23.677829895217826 11.290026761352351 21.36886956048079
51 1965.4030539989471 65340377.716626346 -6.151104886922167 -43.46303534360685 -53.57675537388233 -4.585320264525073 -70.8669187320109 1.0932445710657817 -21.284289518957053 -8.638977576727541 -3.2432336982034826
52 1998.104216337204 65374362.0081634 -13.93192737581332 -49.28377194518041 -49.39386196769634 -2.434307773100997 -68.84963374939908 -0.8567751383811242 -16.336033138500227 -8.797648155704394 -3.1720478110154318
53 2030.934145450592 65618403.10840014 -8.642513943565044 -43.204123488301775 -51.980037471414875 7.9497166314877745 -59.93044423328585 1.0210179263658006 -21.24894311854763 -8.483132113235058 -1.5103167211386221
54 2062.081864595413 65401571.554812156 -13.098072713467776 -48.64472079360289 -50.04467551250051 -2.876959597891215 -69.34376948200897 -0.5375415553012886 -17.40586368852314 -8.661829207972062 -2.6296741492309366
55 2092.7574644088745 65668373.61899457 -17.344800737734047 -49.15164141719696 -49.74023009503436 -2.733050191618048 -68.93610309769645 -2.471164093110417 -17.016365328710037 -7.954326879782116 -1.5791082561531766
56 2127.064285516739 65323714.69835328 -0.19022341203229232 -40.18354369349104 -54.181631166852185 -4.411495802078477 -70.37175957807897 2.5025621359226307 -20.69437370960685 -8.028893000507253 -2.5683782889057625
57 2159.1366715431213 65417019.26212312 -9.863968874796232 -45.78753626227961 -51.50737916092799 -3.592404196968623 -69.76652937996798 -0.16575164438097545 -19.351087479262617 -8.606353027517002 -2.7282635329180493
58 2191.637288093567 65388579.682165526 -10.549844887071192 -47.978468070350175 -50.00405623780619 -2.5372087809278128 -68.87828822365391 -0.13663545190217974 -16.402050264934076 -8.155403923708093 -2.615369490656633
59 2224.6747603416443 65418962.89912281 -10.353055085466794 -47.41731999096078 -49.76309506425953 -2.4137765825330533 -68.49488823461051 -0.38282457369695067 -15.79079854988754 -8.611586842012116 -2.640856598971311
60 2258.5780103206635 65878449.25644902 -4.001847616324656 -39.668701977018635 -55.78667314279158 -5.853151156522998 -72.24553597765147 1.014103163731079 -24.57890483119934 -5.544814280584831 -1.2205402305481812
61 2291.2338559627533 69153051.63429447 -9.465266251290872 -22.25263499720976 -45.890385223653624 -0.1750868831815282 -64.90771849346417 5.995325151106613 -12.14858631759239 9.730814534191154 19.588995901666067
62 2323.9442372322083 66228554.915344864 -10.285351448721393 -46.462941294238924 -49.444936560771254 -2.7879405071077343 -69.04112152147798 -0.633496464364498 -13.742907221608903 -4.572741858336258 -1.2317963559489726
63 2355.5838170051575 67622598.27198888 -5.202606679663974 -11.927716166912749 -62.72545638510339 -22.032994811643825 -89.6495548031972 21.50733796692134 -43.522842357616526 4.803234464289687 13.80183454908331
64 2388.8539361953735 65266160.4058588 -12.655804722023692 -49.1663405979891 -49.29928719986588 -2.3724461433784967 -68.80641624825533 -0.26584696081056336 -16.320206314871257 -8.954728416562432 -2.5141221790521513
65 2421.5805592536926 65292206.56439341 -10.989690592071526 -47.343462517749 -51.22693883273604 -3.363262260770078 -69.65341688835294 -0.3744364388011263 -18.854151363794017 -8.951582772814106 -2.9518256478787634
66 2454.54093337059 65722827.574603915 -12.293913297599785 -37.57535198426099 -67.71324383110837 -44.58653438140724 -109.54119970536841 -3.341585402725798 -38.261392470153055 -4.733633158791065 -3.759273524707851
67 2488.1843745708466 65790685.894929886 -16.757508856340923 -38.699120132331906 -67.93855312220435 -57.07746984597007 -116.66186078145685 -4.815834227386517 -42.14197323830268 -6.57788698988918 -1.700568961733552
68 2520.1156013011932 68215033.27862234 -36.99797321833445 -61.24192149390723 -32.5055096814157 9.428961957214 -81.57037680531296 -0.40539185095957464 -9.987692444406093 6.297989737003604 14.98569272762893
69 2550.477220773697 65766543.38656267 -13.858524277975818 -38.06660414598222 -67.6951487563815 -56.704339535676674 -116.07616219529163 -3.725449629985519 -39.09827203537321 -5.107663665304585 -2.841162823835475
70 2582.874301671982 65604621.20481378 -18.16076982446092 -40.46303072013332 -68.06937684502945 -64.71278439704173 -131.26755271652235 -5.672731247466402 -41.06937711361144 -7.329416077421342 -3.3864423977212823
71 2616.3117542266846 65618575.62785731 -17.0791617125063 -39.920543605227834 -68.35616697348686 -64.78762545519973 -131.3254209714577 -5.44887276266013 -41.366023961017106 -6.855953490628394 -3.126824228148621
72 2649.285903453827 69305621.53289127 -22.663675207635507 -44.680655671304244 -52.2024479915476 -5.119043157994803 -72.34375345785821 -8.018721184039578 -13.821612882818556 9.458223366590005 18.519072656104527
73 2679.9277834892273 65616365.33978742 -18.984517879359956 -41.54768210532599 -66.92874309935044 -64.06419357640868 -130.77037491581737 -5.582707326612649 -39.6510874871928 -6.934033025477731 -3.079002847274751
74 2713.5362396240234 65695856.327412635 -16.52537043884516 -39.094929755699674 -68.30551512709081 -45.202618172382294 -110.13914320780162 -5.515944063529275 -41.60005436694985 -6.58673784549535 -3.279959895623847
75 2746.074545621872 66962781.293841824 -34.814309063779774 -57.97445789322788 -50.04565757199076 -24.16685414110423 -101.28432026490562 -6.029055901675179 -13.078372178944505 -3.024080099267053 4.700155248547276
76 2778.5987043380737 65607738.0146118 -21.790082118906923 -42.81057323191982 -66.81385448290129 -52.32863195376033 -124.59119568130265 -7.288987553599213 -40.83912849427003 -8.027409598383201 -3.034580428418053
77 2810.0864701271057 65567370.36195902 -22.1857268133235 -43.205577962515804 -66.9780027135474 -64.47397449690001 -131.19895096056416 -6.3447216641284285 -40.929317665191434 -7.97668427516129 -2.406014806234623
78 2843.419506788254 67066834.61804704 -59.46728268852957 -72.18500449559252 -5.590271989326119 92.74247534838146 -11.445753059422554 14.760930445239296 12.035572521697077 2.0482272696143013 11.255492349738972
79 2877.430585861206 67363268.1718951 -56.28618310413296 -71.99515891220516 -39.40761953153216 43.62247887474597 -53.85290448200773 -10.331439057975103 -7.366198738505318 -1.1873983916746624 7.657412331535738
80 2912.7183322906494 65458804.42193208 -4.243199671168506 -46.504323196938486 -48.80788457981522 -9.331665884651294 -78.33090294523726 -0.5603076561517923 -14.914098515847115 -9.75315579985238 -2.6493174673969975
81 2943.9110839366913 65588490.16736547 -35.13202275685475 -63.008413818398026 -50.34990370644214 -20.067611829520324 -96.3805850020055 -10.564383860704481 -22.593819803993938 -9.80181790642871 -3.121338516513447
82 2977.5249478816986 65646538.02965031 -38.45302996580888 -65.21713210643479 -49.492821477103725 -19.69068441589731 -96.06984468711616 -11.823432277330028 -21.956902461364393 -9.694817713942939 -2.475058362760933
83 3010.8878378868103 65454609.71889878 -4.793824211368962 -46.74805415695783 -49.01186376433503 -9.438792000631238 -78.48896092241169 -0.7696239953342001 -15.3344403411607 -9.72777542957806 -2.728329006127069
84 3046.6237165927887 65641731.432856284 -29.58432040110801 -59.38824194527836 -51.679676555169216 -32.46131567045499 -103.0260123802575 -8.31992954730373 -23.73998638940742 -9.216300176749542 -2.263594713937948
85 3082.8401067256927 65829709.593663394 -0.3413040761275523 -43.447736740519744 -43.880388904801976 17.596600329372414 -63.09085601494599 22.197521076329167 -6.138142435338807 -0.9133055823610334 -2.0380882347572538
86 3115.6755814552307 67431209.29775278 -49.36005762673618 -77.59369070139542 -31.878607730585465 35.356074382051155 -38.85105191769586 -12.322174799245772 2.601656330368826 -2.0528729279425875 6.735501990133457
87 3149.2391245365143 65076454.46613191 -21.422065245534746 -52.141732717985946 -57.13052237973112 -34.33607505117699 -104.22212206005983 -5.648511487433382 -27.461322362937153 -10.973728655403931 -4.712804885639173
88 3183.559858560562 65076105.18905649 -21.05300626543481 -52.26479716382442 -57.325443160971815 -34.422998352169 -104.29728942095335 -5.706310022543278 -27.988396091387585 -10.506700007503923 -4.18370912674942
89 3216.6275441646576 65198364.39847097 -15.986919578987562 -47.53267776680468 -59.69303199603522 -47.483268489046395 -115.9401758328817 -4.021234749120595 -30.32645731338431 -9.920748659908327 -3.79199967762969
90 3249.474025964737 65021273.23969051 -28.35825798317442 -58.3040313987466 -53.65778924785919 -32.65284240746264 -102.45826189527219 -7.698348303084742 -23.600667924932225 -11.077191637143414 -4.643108846797247
91 3281.1420838832855 65137334.44621964 -25.347194595688613 -56.43545118434869 -54.15287421819328 -32.73897724645408 -102.5605672084582 -5.8978373157370925 -22.793568017090593 -10.074942165060634 -3.326690944803886
92 3313.647833108902 69386275.93759364 -44.72092504285481 -21.47503359213428 -8.0490653671716 67.04920755664142 -28.540206875688963 20.97604347873255 -1.1979926081572785 51.507293339423654 55.53305966077994
93 3345.125444173813 65254800.59215007 -30.341126488757126 -58.048288424216125 -56.93871315495703 -58.84402696506971 -127.61725953923005 -10.169281317217553 -27.99760532692636 -10.078078388457925 -3.905095570146557
94 3378.6982135772705 68942968.64355546 -22.63906196982237 -46.93013501463759 -28.327062567636993 89.37831515860498 -21.98938802675238 27.088663297997414 5.996723436345803 8.471689493203087 18.71472919719008
95 3412.614272594452 65262110.25681388 -33.64937090381798 -60.259050068647205 -51.304488945046394 -43.71130947615385 -114.26530725143485 -8.271987167332952 -21.040043671251908 -10.753711026144117 -3.9845672891908066
96 3445.429183483124 77661028.30034462 -58.12379731905558 -67.67169033256731 38.48208013163593 93.04239549791744 -18.36940303216383 77.5471561730235 105.03212747038265 86.51604811381992 94.1901553376598
97 3477.706898212433 83054108.91276546 -19.639041217186026 -10.816888692272432 -14.273534208748536 85.19615038454506 -33.51900976589509 24.21287845905522 -0.07460297333636845 108.50043673211428 123.56766074994721
98 3511.5763759613037 65137720.07045744 -28.46124598728875 -62.23615909009738 -42.9908714786277 21.65341848661099 -68.32065479260498 2.5045532751875044 -20.306354916433236 -10.454191652134455 -3.006376063542234
99 3544.310581445694 65182875.304369114 -17.662943994189582 -58.13618648586134 -46.53198483875491 10.842337242498779 -60.50780980321529 -4.412906430253827 -14.203206554824646 -10.472887751638723 -3.563527481643007
100 3579.3387598991394 65075470.19670688 -39.75844918483824 -84.9692698291245 -37.501494148270496 36.71698414410265 -47.92216584633863 -3.248135048002837 -4.706401546929783 -10.476538900336607 -3.2042434421960024
101 3614.0298552513123 65356829.07254411 -7.029520407630474 -48.94395971546306 -53.12180012284879 -12.439306691977961 -81.50830793376373 -1.990143851966252 -21.263698814770578 -9.09688419839216 -2.4406644872068455
102 3645.6610898971558 70830375.99734904 -10.640144165081038 -30.020683870100527 -51.538021351429606 -26.21192981553449 -120.62394108963846 -0.56868070259776 -45.973572887552905 27.63850254183285 34.90406579000046
103 3677.9828486442566 68605434.84498824 -8.479501473658193 -26.472946995692876 -63.413337902448255 -11.852571785157025 -80.66392304523244 2.8117302113457754 -39.581162970757134 9.180001911232921 18.030101580962878
104 3711.995829105377 65173851.23467145 -50.584360058026974 -71.85236775971696 -33.553960844310744 17.111105514393266 -62.186465672419885 3.863942807052922 -3.3393822938345465 -8.245587201111277 -0.34959883947709613
105 3748.3284969329834 65123934.09410133 -46.591546981189765 -74.82191093267666 -43.9737997673128 -16.284249907331073 -93.44701627691329 -10.135531167243698 -12.672706608064857 -9.392967809763377 -2.318602611164863
106 3783.0539026260376 64942781.38576165 -36.03591203929379 -59.00000118929519 -42.414107313205776 12.807869012874157 -65.50815044936478 6.08170846290011 -14.346166596109413 -10.129095202849783 -2.747794430923193
107 3815.285149335861 65044043.04365268 -16.348844779655714 -57.32809263948125 -50.275250441062 -10.667826536363663 -79.95037364295084 -5.893894585222029 -18.32444114384782 -10.557792370647462 -3.8307631679931546
108 3850.222324848175 65056486.13774364 -27.382891050734123 -58.263250410468004 -55.375356895661064 -33.66463015765833 -103.6654005043192 -7.808344424188533 -25.07264419150937 -10.216911403323138 -3.599943216068766
109 3883.7103548049927 65014170.51956056 -31.636995997509985 -70.23907246815263 -44.418180598146115 11.867710050219657 -59.613397388911594 -10.437937257846556 -11.922541453480164 -10.437811348691184 -3.203949132706498
110 3916.9800193309784 65226659.68016157 -34.65878209599576 -62.238744462377085 -52.895299906247324 -32.91076972781414 -102.92023550013276 -9.702665310170403 -22.998925699975416 -10.388724328062892 -4.144961338701819
111 3950.253645181656 65143247.914882384 -16.977419482282283 -45.92687603287866 -52.65503367060189 -42.45284978113383 -113.67785103190178 7.9787733460678965 -25.860133680957574 -13.193862323934127 -3.8349757785313727
112 3985.0056710243225 65267118.936286815 -51.94499994016913 -77.26501785553528 -28.645710961879175 31.978049288721152 -53.61640868652902 1.2902852592246745 -2.9340761833816487 -11.768842881780984 -3.5483434020327422
113 4018.6702692508698 66392148.12273651 -47.186051137454015 -68.83133140939277 -39.2882725978739 13.304259104360483 -58.61871774385212 -9.138486905219224 -2.7582240602009733 -6.121962310512345 -1.8284414630934407
114 4052.685712814331 65037312.54250017 -35.69119095960355 -66.0550822194509 -48.36236061386264 -10.333153696748745 -83.10797725046925 -8.667071760682688 -19.975891352825727 -10.494160438862536 -3.076753011720143
115 4084.378387928009 68264234.96681161 -12.599068476346478 -43.49300358153554 -62.77913423630734 -7.33351126151576 -90.50345777344069 -0.720144733608322 -37.40362191855172 8.079494361470893 15.787794360772864
116 4116.470896959305 64824492.37729371 -18.27952436758606 -22.068145173315607 -66.37862763452125 -38.71099994072324 -119.57286540082096 0.9833382389292069 -59.141549229500185 12.065785568124738 25.06455362376164
117 4148.685811519623 64971423.81891999 -24.301677777863603 -65.12100313725058 -46.98244674696348 -8.89181306403647 -81.92878454703686 -8.060599961042612 -14.611457154926825 -9.705666513716324 -2.829397571958964
118 4180.140563964844 64971714.04987035 -41.30820612479239 -75.54575796311794 -43.83582551924147 3.0947430595541405 -76.376304001502 -8.952600602568225 -14.901732727217677 -9.607706356183996 -2.2739940224020643
119 4214.77977180481 75591095.85739863 -65.22987940193234 -31.979622904090185 21.49527228348153 151.98919175208368 32.15484449260991 22.533775522726728 10.366913244590364 87.21525728139602 109.11269484405523
120 4246.383718729019 64990072.273877405 -29.269683561313116 -59.84394040712682 -53.51446650966861 -32.60796919098528 -102.91337899244434 -8.135700853838102 -24.766779023221204 -10.812891797174245 -4.271871628423867
121 4281.239793300629 64987554.41006164 -42.94177492990131 -76.12901376390214 -43.66204040521476 3.2277114214063687 -76.017390697796 -10.218218039750752 -14.337885722982321 -10.190626418629108 -2.945766092421877
122 4313.108727455139 65767205.277454674 -39.8530895618562 -73.28441205322802 -43.48007182599793 3.4136003818567033 -74.80584055850075 -10.704959502921554 -11.973122204415574 -8.821300789142128 -1.0823068472626574
123 4347.422103643417 68193991.50807169 -18.23799445694444 -28.4028352543216 -51.332994120736764 21.232544490154158 -55.237847850566965 5.774567796504698 -13.615714981277847 30.6293025518097 44.95158785480703
124 4380.988915920258 64967000.743228465 -22.575953244423715 -47.68130897931981 -51.21664843274448 -23.62899945304553 -97.69764343664185 13.44214295194729 -26.160673801643895 -8.860621923732197 -1.6108207413281548
125 4415.969001054764 64444880.93152489 -6.3515208573144655 -66.99648360300003 -57.77042085602594 -28.150248049920386 -102.00148117161649 -10.458332322597016 -35.71416338023943 -9.249203232347782 -1.4816310175896774
126 4449.432117938995 64822138.27717295 -13.392631278512386 -75.48624566687126 -48.344623241889195 -4.233914394223255 -86.80558328009333 -7.88077361921745 -22.62178467844285 -5.531198907787655 2.9362384010737514
127 4485.406111001968 64439768.296042286 -8.451637788244806 -63.312054829295306 -59.87194389406486 -29.196627049464993 -102.99371361589776 -8.651238909038454 -37.38297808081194 -8.803232865459393 -1.6049388618683338
128 4521.294197797775 64530607.1806255 -8.560283732016263 -63.169410145268 -60.32018926556902 -29.507636692317945 -103.29111961957234 -8.906211343450025 -37.98998700149281 -8.328636080097851 -0.5798499803948403
129 4554.005914449692 64631991.76527722 -7.8785334349444796 -63.05078328681171 -58.78398624182885 -28.29437456343927 -102.0553162000182 -7.879326068213402 -35.64162197705974 -7.213519396633274 0.6064871814126036
130 4590.059652090073 83820221.95662472 -50.549047066281 -30.778317319003296 24.84870161907846 188.2346553796258 42.393432540575354 35.372537799676934 42.77551572565733 142.13084965526764 170.38210703404866
131 4623.732820034027 65032835.685951464 -42.82630929341645 -80.03573146867478 -41.9836590253869 4.477840654823737 -81.22431393507944 -10.37159255374371 -15.625217797175878 -10.155855589740725 -1.049168058927819
132 4659.209202528 64571388.33481755 -9.4232741225327 -65.8386819710731 -57.53413394952383 -28.716231796251606 -102.85046898482301 -7.435190996302765 -34.169579200328144 -7.2034469576379365 0.6097803214431678
133 4689.76824760437 67616260.97701718 -27.427472135106783 -4.556600440160654 -50.27342383001311 -21.838678563708683 -99.8930945013111 22.85219083427262 -41.754336168550026 34.94654589935908 50.0558432810426
134 4723.901805400848 64633350.92310383 -12.749830551252261 -67.15152039141454 -56.45817014548188 -27.441442437673835 -101.40928470234152 -8.214946728084044 -31.692080928184737 -7.07703289312542 0.5248079076326349
135 4757.502224206924 67084061.399995886 -1.1772300169658791 -66.73844180492706 -63.35828702683655 0.4107579525841345 -71.10190980531112 -12.75427939997229 -28.568241409538473 -6.496180936082737 1.21943084002163
136 4789.729519605637 68717953.50679979 -54.0904570458538 -98.95855403564 -19.79379159638352 81.31897067186429 13.891941450593054 -9.319981643501933 35.18604139761919 2.10578665195834 11.331678172854254
137 4825.411825418472 64575258.932801805 -15.269266717787417 -60.858326099045016 -57.033122571897 -15.812285395157907 -95.2091101985763 -4.779128259691674 -34.29110522827682 -9.316492807297323 -1.9273534366381568
138 4856.878267049789 64958537.49438507 -14.746203715212914 -49.78185664218588 -59.82285273158139 -47.33444033433449 -117.54678419271562 -5.336620838310296 -31.20693273059652 -10.861465735767524 -4.25199137325518
139 4891.857618570328 64544003.69663296 -16.52177434682736 -61.51805659127671 -56.08331012726883 -15.615129592914997 -95.11233936877466 -4.393974948613732 -34.38612358376889 -9.659048246586337 -1.7848392317546313
140 4928.726480484009 64386518.96671222 -0.40039503678491073 -57.43898456424679 -63.45709632392196 -43.04316139838799 -116.97175047213759 -7.409778412849562 -43.53496435923341 -9.354396775626128 -1.3291033716588458
141 4962.356205224991 64395783.4202308 -2.2836635916005132 -63.377945715350585 -60.81723660884779 -29.611054713112296 -103.19123926158511 -10.751254050587761 -39.69329491267763 -9.799596375786678 -2.3443849258147225
142 4998.240807294846 64413784.29354248 -3.081804230554286 -59.45521203054768 -62.10785654170535 -42.415394910513164 -116.74646949291484 -7.6934367670949655 -42.01569874687817 -8.904576816768383 -1.3328339482373508
143 5033.3467669487 64393864.475203335 -4.4303683821492745 -59.9147341622718 -62.67056642848418 -30.501323275004033 -103.76877315498514 -9.35838611859947 -41.23357247895626 -9.646943697328481 -2.115535985662518
144 5068.351991176605 64365187.81091593 -3.277098439607113 -59.481768333773005 -62.05188958157159 -42.43973169637331 -116.50155039988913 -7.963727319090651 -42.08528316476168 -9.430475234604046 -1.6747169982938885
145 5101.965740919113 64701923.43406088 -20.889376837669737 -65.27335562509221 -52.79405601750493 -14.106948034236055 -93.83916790623397 -3.9300294619413307 -29.753860501168276 -8.038257128534553 -0.05676656398691193
146 5135.843759059906 74080846.15144259 -36.28606187333922 -8.203318812272231 -31.61937167578219 61.20176883029531 -24.850547763536316 15.496709775007162 -6.31663139011107 85.75059175123522 107.31662844264099
147 5167.281273603439 64434611.956929855 -2.630589430682045 -59.20350030082568 -62.29052093603584 -42.56807346797353 -116.65149983149622 -7.499052130269433 -41.67161115117136 -8.600826942200001 -0.6575150691510316
148 5200.544832706451 66693857.96918107 -15.717916351009885 -52.44381591742117 -55.460509832216424 27.16270659511993 -75.99689012074764 -7.459107152525064 -44.36409016598276 -4.20876316485311 4.228149567924163
149 5237.183357477188 64441778.7069122 -2.1471303562500843 -46.40881866538658 -65.95230105983919 -32.998827346433664 -106.24426478487271 -0.5609269739977094 -48.897295597712514 -10.80905850883022 -3.3646194505471954
150 5269.949166059494 71533223.62047453 -1.5463473125516405 -18.348262415180816 -63.35606955709656 -6.817755171095357 -109.26662326410768 1.7258076153377147 -49.6261134598339 29.687860462397225 41.807524200722355
151 5303.353991985321 64383051.114251174 -5.434833506358122 -61.55723030208195 -60.952692502094976 -41.847462944672294 -115.97607581255906 -8.482365930023434 -40.33712677354572 -9.17643128422361 -1.5299420330061366
152 5338.921157121658 64538753.795632996 -6.0302346286156805 -51.27207047248556 -62.805670893685196 -19.01290109544513 -91.54418813141422 -3.24582367174969 -43.36575042787126 -10.207474085515742 -2.710151279419108
153 5372.482933282852 73681055.09732546 -4.825221252197039 -44.235174513332204 -52.91231634433062 -17.209469497287017 -84.12245376393902 -5.665306035711069 -24.858510320294386 17.118886584879533 28.52413390122115
154 5404.844937324524 64454065.03212947 -7.841732148618716 -51.31927933588269 -63.71559865781344 -19.822693295569238 -99.4345481963168 -1.6134122049745088 -47.218970029457125 -10.481282274567604 -2.814767606546525
155 5442.427756309509 70332432.74241586 -9.164459846025073 -74.5957597561388 -35.657548193068 18.401935719220226 -67.66883536430105 8.751821068407196 13.93500648944189 29.288394720042675 42.88079333806286
156 5477.740944862366 69312954.62858556 -4.973475504343966 -80.19667733096803 -28.611336877628013 46.51744292563667 -40.34194536018063 12.239813747424023 28.657255960591556 9.980946495231535 18.25342008976304
157 5511.929067850113 64420566.21783168 -10.006282125824278 -54.303512966476504 -60.538262639131105 -18.45139710524871 -98.0501597698715 -1.5458746456907306 -42.71158215232276 -10.051487094737695 -2.2904800794814832
158 5545.925566673279 64268007.21748469 -1.5854987051303668 -57.860028314326186 -63.48264336348309 -30.949578296035824 -104.28659428833971 -8.621461128488193 -43.29047174157847 -10.81204712713884 -3.445262446058905
159 5581.976881742477 71437266.5459734 -1.7539766279763418 -14.041778656135733 -46.85450354754571 36.00761590368107 -55.435386516158594 8.839694178048433 -42.68916588745236 29.61284086243836 42.94629421752177
160 5615.381822824478 64957942.41547176 -34.36801798759414 -70.57078208969979 -47.47827916512922 -41.26395786057121 -112.49633051075729 -8.269627620007554 -20.712636397601216 -11.42951886420201 -2.31652216364148
161 5648.243499517441 69275779.06230322 -32.740112323306775 -80.33882105813919 -34.646015157789826 38.924698979664115 -65.98411439985226 -10.025513244468982 -13.035717893817832 -7.256438961642232 2.45268926140659
162 5684.230655908585 64628245.021662295 -2.790015165921786 -60.40455580967095 -56.157641270139244 -27.893200709299535 -108.7392732447979 6.142695932811762 -31.01877869424868 -9.195360765862347 -1.4755549492471687
163 5719.592667102814 68242982.02745886 -25.7585000566399 -67.80375786874694 -49.12826821205071 -11.063794392428726 -77.87712250680931 -8.930105560596928 -12.338981322821951 -11.821416207562663 -2.2943370283422837
164 5754.879889726639 64450108.9529897 -5.704434646038653 -51.23167158985856 -62.4376249803306 -18.99542449060756 -98.3445221113075 -0.6043662983475997 -43.68461854579766 -10.37540164856324 -2.6518495276417866
165 5787.549822807312 64339619.689034484 -0.10462290657370144 -56.94106671817608 -64.01792996610857 -31.183578719094157 -104.52465098228946 -7.821826525438837 -43.46666909271676 -10.18274359150638 -2.8111748078507617
166 5822.399029493332 64607814.45063921 -12.769812130162185 -54.50819350829682 -61.690464812925576 -6.969423709992448 -91.95028267662508 -3.721713511581072 -43.07286870263255 -10.033453700228335 -2.327257008017341
167 5857.33816242218 64524319.753674805 -5.8990407122445285 -71.89697490919471 -54.102779914363445 5.064262608425388 -76.53131693085268 -1.739971245655056 -26.67546474869306 -10.020645460738308 -2.208476017184637
168 5894.696728229523 64302749.44108617 -2.4042689564690676 -48.38355720720722 -65.40277685597687 -44.60846599326038 -118.80776898379446 0.08688693724337782 -48.73475318494485 -10.32277066049005 -2.6455615493266578
169 5927.1685490608215 72571927.18456966 -18.307546445614797 -46.62012074371137 -41.27078599306146 20.43508052848187 -61.702177344865085 -0.570304568609231 -21.273119237412857 9.751581485768213 19.97857891600006
170 5960.735089063644 64700657.55169177 -21.71074134218161 -80.0117964268774 -47.69985423106365 8.149762169742615 -74.43386979052495 -3.9681158487339303 -21.653122805899272 -9.580881456235318 -1.2922607454598847
171 5997.502076864243 67165166.84487064 -19.10282969960604 -69.05491481393663 -43.46268055230495 -1.0387016466317363 -71.5598592804693 -0.5143690490384643 -9.853819328406757 -10.470386088368457 -1.7439417628777392
172 6028.261937856674 69132250.36153716 -17.21481957990139 -60.25922760012594 -43.38608034581343 -0.7965766940199757 -70.00775312965499 17.597536876055756 5.690416835143253 9.114730617241833 21.848399766361695
173 6060.829557180405 64592284.50975624 -17.160700932296223 -63.93855023363545 -54.485255818783195 -26.08766664464047 -99.95718123525515 -4.528570881374549 -33.69835574114171 -11.388542287930193 -2.840943716897243
174 6097.2867612838745 64310295.054575466 -3.424327381625865 -49.30012416455533 -64.84712263920099 -44.39440446034379 -118.63017018307916 -0.14980132706881477 -48.092628342485796 -10.238192138555007 -2.549355213167871
175 6132.356127977371 64571322.86778946 -9.186307323170603 -70.10101183708845 -52.08230713964014 -25.766512559885875 -106.53670712406793 1.6420170739594937 -23.046186406496247 -9.353403084014474 -1.8062656104413009
176 6165.158497095108 67633620.88500662 -11.047997649139878 -70.8345852268918 -48.365747697754514 -22.5762851572455 -96.86481341002317 -5.651474329741006 -17.16039011706755 -11.734430532274132 -3.2615677475025677
177 6198.653725385666 64912668.26120387 -7.5467244305187196 -54.657034389280184 -68.70085486037833 -65.12675004789995 -133.76111122847234 -9.78486554772553 -41.35816959284227 -11.647435357511483 -2.120470773725856
178 6232.600703954697 64617982.7078279 -12.789445720466315 -55.87460698916559 -60.293065661080924 -35.55182640170082 -112.05921495629465 -3.1597763429833776 -37.07666520812131 -12.106182768615326 -3.0053108005232048
179 6268.2544231414795 82520628.04432158 -14.30740078696212 -47.437539336679016 23.22678919336451 161.93297656964086 3.5302674939550673 34.413829206115 25.165743639939024 91.5937617322852 112.43330626691034
180 6299.991418123245 65447453.35816992 -32.60688000699262 -48.46649870046241 -57.12743981711947 14.18325530327835 -67.14441793825182 -8.450288228174315 -43.786199480936034 -9.506091986241017 -1.737254610170396
181 6332.21493935585 65051176.080926515 -32.25600654936983 -72.24380928894472 -47.429485790220724 1.8819209778562112 -83.13151100035871 -4.096839874325781 -19.561178536682974 -8.576608948013472 0.9668952091484471
182 6367.468316316605 64862215.55776685 -24.821430457067443 -66.38986838825606 -58.06759546685531 -47.909454338485936 -117.45615758159572 -11.294944363909678 -33.258965133427466 -11.931981180421928 -2.761496583092935
183 6401.268369674683 64517248.54027492 -13.718614673302795 -68.22137845232183 -54.93254913750918 -15.707364006547245 -96.16126720036763 -0.4220293583218222 -29.518385328946636 -10.24916893852793 -2.5619315450736053
184 6434.256732463837 67736506.82891051 -0.7948904614521464 -67.90097093215265 -58.149232974084846 -28.70510865808148 -99.52976212892457 -8.382207885553896 -23.911132908405648 -7.785804530129951 1.3684726213370482
185 6467.617620229721 69700578.14596109 -23.416211392942927 -28.200980651396467 -55.88882957750507 -31.922668803313883 -91.32555286770852 -7.426800277254927 -38.684540692457006 14.10932180612599 25.11143698499825
186 6503.496148824692 69361706.74664308 -10.436127143363798 -72.45751612103946 -40.80103988699463 -2.084832590076161 -78.15474565444097 11.607028404012965 1.3631896851715624 19.33086146422943 32.773608726292196
187 6539.195298433304 64459688.19722583 -9.106147640696976 -56.43096495739684 -58.226766922674344 -15.136860511818014 -93.84664203948444 -4.094736143350815 -37.47764672534203 -13.508718478921992 -5.6160572331273215
188 6575.74339556694 64718509.883362025 -4.851364572016448 -47.35067931940406 -62.28093668666139 -36.0425642354189 -111.63075752770389 -1.1818583167493557 -37.481979319171046 -13.325887199313115 -4.29782032191514
189 6608.01433968544 64700639.24283895 -12.179517468454982 -47.837267204978254 -66.30598085119712 -63.07969315443589 -132.37799038163635 -1.9819755705835291 -43.11275622524022 -13.452537531819758 -4.114451958110351
190 6642.523197889328 64490568.91881265 -11.046208320994177 -58.46557919764823 -57.79438091021622 -15.167724125862257 -94.20565271628438 -4.781381644046121 -38.07788429568427 -12.715867909732538 -4.322681310905637
191 6686.977031469345 156729274.81523705 -221.1789873833575 -272.3492025390329 1277.7161252099545 534.3214554404572 366.34671006739546 562.5723918198048 1439.561377211664 579.483614216324 672.5788396274259
192 6719.13204741478 64593393.237329885 -12.37713629397134 -74.8825174328341 -48.08849128146963 20.819739508482165 -66.52677031047017 -2.6003568444068605 -19.387951276202216 -11.853558714797884 -4.432747014965855
193 6753.156253576279 64746154.443299234 -21.022625186024637 -79.34613528781307 -45.75072746162186 33.22064099437622 -60.548918656251836 -4.321835044357385 -19.408358762526518 -11.823228474644566 -4.300035357628019
194 6787.307505607605 66726723.85356897 -1.9967104902245207 -4.272359714955272 -68.46349022612713 -32.48185083921255 -109.73223675875154 12.66482164191143 -62.425155692101555 31.00943871124707 45.64940592072935
195 6821.307091712952 64584347.93887069 -15.19055633151288 -61.00419190503652 -55.25897922492619 -13.57440638236168 -92.08657831561055 -5.347343940142537 -31.985102169774734 -13.37175100391704 -4.59585645096621
196 6855.761913776398 64616494.65475498 -0.3789516175606167 -61.90226495967047 -55.34786602504143 17.337700640386366 -69.72053663515061 0.4985479456690882 -30.404619370309717 -11.497378834814413 -4.016343314008395
197 6889.899838924408 65334209.63562769 -1.0482752470122403 -54.54452393345203 -60.63655478434859 14.246632109506841 -72.12762614250664 -0.18450448537140574 -38.00770477952818 -9.621331171618749 -1.4000198878607648
198 6924.8009169101715 68766778.68740088 -2.2636503664367815 -72.32740801746067 -35.564266108377126 3.4168496074851546 -65.861836561724 9.527203822698539 16.5197142523582 8.72553475825248 21.399328339581416
199 6958.4889578819275 64608507.94013988 -12.736864115718287 -80.67007102240417 -52.938452108255746 -1.6278599264388518 -87.14066481897385 -11.30518221815555 -21.769061673311796 -8.745895385698987 -0.9980738137193725
200 6993.465866088867 64452660.533404075 -4.463455504058531 -78.6100952374004 -54.426485347373884 -14.13755776936162 -93.81283764617054 -11.342779622847047 -23.13308773629825 -10.292928600458595 -2.8069353120071696
201 7026.963912963867 75662120.69772089 -2.255469513797422 -87.61186459675574 15.56479526992873 71.5786294116994 -39.08627532679026 23.62629566534872 53.977065089725556 35.54551751831764 48.91805401205829
202 7061.340027093887 64548334.254123375 -9.616502068845076 -56.64683711091129 -55.98460871224503 5.327851153769963 -75.38655362265214 -3.386928408193228 -36.017179509630125 -12.984252255075603 -5.13987405408966
203 7091.251939296722 78733180.25460888 -43.327369203887855 -34.32066933168175 -19.83336361521419 100.73984848153586 13.217290658389846 8.918456289616415 11.160433625208498 68.07852226682087 86.72141900512338
204 7129.746192455292 67060129.29739856 -8.811184196297535 -77.61122873851272 -49.2262089334583 26.665019303904458 -64.41918840070772 -10.373169821548004 -12.496882221813678 -1.924082533749754 6.88128975875469
205 7169.240736246109 66752006.780902684 -0.8080434634325666 -80.53145620332167 -38.45092098697001 10.815549147302619 -70.48706807483576 -3.174438362948024 -12.236500229321791 1.204694520890996 10.613421686501908
206 7201.086531877518 64735669.55745869 -9.62478126691437 -64.39624017322538 -55.38194503887895 -25.525968407401464 -98.62342955390167 -11.275785872044764 -31.871117464794963 -13.293667795316992 -4.706807200820094
207 7236.848006725311 64615023.06163671 -3.8162659612773977 -77.33126752273735 -52.796354387121966 -25.61066020262752 -106.14879079205028 -5.442021212545853 -21.105392479423926 -9.697438335730908 -2.101671408599259
208 7269.263128757477 64862514.6080415 -21.73368539229102 -59.06429661603106 -63.09609834780882 -39.27031990804406 -114.12102870121724 -9.061326657304562 -37.356271532271876 -9.128447493413375 -2.210217920198488
209 7302.3173768520355 64469999.30488954 -15.539370799333831 -71.48141941368486 -53.5362867952602 -2.9986747635996522 -83.08814041698676 -1.0790155751099064 -26.49000900785859 -10.146262583145585 -2.5947750764059947
210 7337.544493198395 78989392.88756089 -24.14336983752913 -51.47983871887102 -16.685796751545716 56.26136887521958 -43.14223867826141 13.179751528686438 24.76807978588522 68.88021668382146 87.76397939743742
211 7369.918588876724 64651680.23162759 -13.702964868571605 -70.37685592115363 -54.86629853379287 -15.372872874019073 -95.80877287980331 0.16006311009488172 -25.898818952466286 -7.879378198522147 0.2004305672217015
212 7403.435359716415 64425676.96383996 -6.223370425943781 -54.42172259406938 -60.228001400584894 -16.161720428704058 -94.8644100759797 -3.43119815859518 -40.70562387190273 -13.740392934319857 -5.506014802746961
213 7437.462469577789 64585175.045281775 -6.282003964293772 -79.98005548298285 -54.79471619390366 -26.680549815602497 -107.33734438654213 -9.791644687650262 -23.946550804942262 -8.594793064016642 -0.9421155116258433
214 7468.431602239609 64656531.56675715 -2.662963578728121 -43.98123965811425 -63.072559681892656 -36.86786972867101 -113.02281783472085 5.633700349651065 -38.77485411065186 -12.569123695623773 -3.161511365131105
215 7502.4050142765045 64530944.76635447 -4.306512454189112 -52.89759915117653 -60.42578494281905 -16.10160121192736 -94.72140417846077 -2.577910404785655 -40.22439026771514 -12.930809122338587 -4.553727555117462
216 7533.190887451172 66858067.21314578 -42.82213184038764 -68.53436028367575 -48.23783922136815 19.583740442892815 -75.88801267850636 -3.8652301426284907 -11.25241692712109 -4.0586876666365015 2.4196777126394977
217 7567.755305528641 64655128.923221044 -26.721024475477805 -90.23555433173287 -50.425263766072675 -12.6683746833112 -92.89629017535754 -16.12649386452017 -20.92197842740518 -12.090637337378041 -3.4222891301417917
218 7603.560217857361 64582450.47056405 -14.753561588814364 -78.96454076286501 -58.18838178111196 -17.30376147783457 -96.96529378429067 -12.333630465869419 -26.951232708217503 -9.770695177805408 -2.2852910868480762
219 7635.26259303093 64622234.95130923 -8.337015736837124 -80.81250610867752 -53.91406900910962 -14.10519286304529 -93.65846869885871 -12.338699594115837 -21.894829870239164 -8.708027510061754 -1.1382149772740036
220 7665.887201547623 65848385.70706332 -53.46929815356483 -72.83514330198255 -47.441193410439816 -18.435707516571654 -109.25180822077394 -11.437853659962514 -26.877829953208106 -10.980466774106219 -1.2441480851903748
221 7699.839987516403 64452131.10220727 -12.48515171476534 -58.98162945025724 -60.89965599106435 -17.522868697449475 -96.51616192301873 -5.8392229685575785 -43.15703284049499 -12.783563459519485 -3.9015635817907537
222 7733.5444531440735 73743165.95751618 -10.615970689893508 -62.996432242832995 -53.966886588247704 5.434891046755986 -89.63042327357888 -11.552549478642277 -22.270348666552934 12.444768752917412 24.979857569052115
223 7764.861401319504 65362594.38398697 -8.681049050482512 -65.33841279558104 -64.64521943647142 10.405565251492796 -84.45181424618107 -5.569264306213029 -32.04203666523006 -7.738467828027069 -0.18854519308086992
224 7799.2312178611755 64904313.59142406 -4.912484112914521 -66.89272667934152 -60.01197824601434 0.169443756590816 -86.94509060698222 -4.656078780356609 -36.82849433298048 -4.601368067957196 3.8226727067929005
225 7830.254883766174 67185559.95500389 -16.457402677959433 -51.94787016997081 -47.44259506213242 -23.064508232428345 -105.690309597921 -3.965182813696117 -22.297046877011212 -3.3412675279696487 6.395691946153136
226 7864.701707601547 70131868.87505305 -3.8529454792571762 -68.3401908376367 -61.40659835109782 -11.293217076676868 -90.82111735048294 -13.146063536533461 -15.565907269485308 -0.523985613155844 5.23335336113314
227 7894.189289093018 64876395.04767731 -26.48544201403665 -61.93243392236143 -57.55387476314317 -58.94464242128398 -129.43012571012687 -4.665496759440771 -31.337051288748455 -11.905197246734588 -2.1209891350525254
228 7930.751843214035 65881546.7732199 -13.27122845041237 -52.739446099729754 -76.71061710686313 -46.049597673510895 -124.26926732783643 -15.957072999345428 -50.74855079472337 -4.317241148412506 1.1333285692315371
229 7963.654062271118 64696877.42533324 -10.484137797663463 -79.32384968309223 -55.91529267993376 4.666160019454573 -84.82017235004268 -8.70006757951819 -24.76897043022842 -11.85537947505901 -2.8075412366163164
230 7993.584872484207 64833119.050778784 -20.147520964201668 -44.66245092044993 -65.72977637237754 -33.55861145523627 -110.16194295631928 -6.763289787689132 -49.50527971741229 -9.760095320324126 -2.6651179919520587
231 8025.019756317139 68333470.93187495 -25.117494055815698 -74.68356767885759 -58.87078054819055 -25.88032514837615 -103.18150489297929 -20.61656803413331 -22.808313324466837 -5.789662659411988 0.867835760688763
232 8058.124650478363 64738490.05739399 -3.7142086156307252 -73.30794757070068 -57.257062968000696 -27.960218886153356 -108.53525985878264 -5.06394325173909 -23.60045805130602 -8.91373253146486 -1.2103251622771154
233 8091.894993305206 64740702.58405315 -15.8263718350233 -63.80695369832921 -59.8846901846317 17.290676988958637 -71.97129658908341 -7.917702797905008 -37.40118794775998 -9.194751487799522 -1.5297333359850427
234 8123.912813663483 68294282.09688386 -10.684035779194156 -33.44927889548455 -72.6936546210827 -24.101446278876317 -107.23692440073475 1.739313725110037 -43.99264185326274 9.388416946228404 12.317938867765065
235 8156.407582521439 64838451.31439842 -15.301175871195017 -78.04107793086425 -59.36689996460722 1.3003750892938797 -87.80480782372834 -9.630440507324408 -25.905233565234653 -8.425619607304498 -0.7636318838132752
236 8188.125358343124 69731126.88769743 -17.911841272409816 -77.48388304797739 -49.765708195123906 -4.694590078533935 -77.2404342450303 -11.438125684423369 -1.8993076208989237 4.651347043173132 11.255260230658962
237 8220.531126737595 69158908.87103282 -0.13219601526961533 -65.43130261877106 -64.11234136660272 -25.402896154051994 -103.70366768310171 -7.742945794547154 -23.89837179691449 -1.5505225381263585 7.1131340965549725
238 8252.641536712646 68624012.74315853 -8.331446935290204 -70.31784021570094 -54.61830350739239 11.177625388688803 -59.41565971576362 -2.376702665613493 -10.83018545655051 10.639395394895132 20.860342286414607
239 8287.107741355896 64568651.16210301 -8.636036047454215 -80.23976828336664 -53.19922439401259 -13.389028233675283 -93.72122805497692 -9.88290059769787 -24.159043324597008 -11.631309535022922 -2.8325002565767363
240 8319.024968624115 64953370.99540388 -42.82966170210101 -65.77046926450303 -50.02737734703304 -23.5366198394303 -103.86761177010034 -2.9393936555837286 -26.669955891661516 -8.531064727086743 -1.2006771064692998
241 8350.977404356003 64702696.608044766 -10.536611290694264 -79.33694267191721 -54.82245785090804 -14.034818415269456 -94.17965515017116 -10.262338474474689 -24.706384283258956 -11.868193492972921 -3.560149373200886
242 8384.146396875381 64706883.70336266 -10.329641390299187 -66.12438495284059 -62.050561488983426 -19.661093697545233 -104.4588178220007 -8.474493674311702 -39.30222436940102 -7.556817022741484 0.051705445325865185
243 8418.318088531494 65029133.30369256 -13.332028221119888 -74.57457947369701 -59.93726439292695 -18.653985719437408 -95.93460323949675 -15.133586296884232 -33.38608424890191 -6.247449220222393 1.4110385185947507
244 8450.840059518814 64772609.14347237 -6.864015311028725 -64.92237740503565 -62.71832681203648 -20.367478274479915 -105.34254115934695 -7.590957165107511 -40.95675601057371 -6.71181420147343 1.3553511198583124
245 8482.15014243126 67186157.15611625 -3.9026328617133617 -5.6472539132155894 -51.99524492191639 26.633196319156433 -77.16911830756602 26.429673846961805 -34.398797851326776 36.520830517001514 37.736195829857934
246 8514.195389509201 64764605.678948574 -16.106340623395987 -86.82292035032728 -49.01787541741673 -11.434640196887507 -92.03919651299353 -10.816555060976725 -16.536220275736127 -10.01463755731669 -1.010425194086224
247 8548.463875770569 64848413.913951784 -5.879210949798792 -62.720211837488556 -64.78010974247226 -20.940677306712736 -105.22666225819383 -4.663429731605845 -42.70728322254212 -5.716108101191196 2.4592039452895733
248 8579.904769659042 64474032.17322689 -5.531393938477011 -75.74666152852942 -57.02866273810146 -15.410394114833522 -95.42561743594347 -10.524769022944213 -31.951846874133423 -11.945462757744053 -3.6927873098039754
249 8611.353134155273 65916411.345082924 -35.37805225189104 -92.60974160348421 -44.12270294940196 -8.756236855403529 -95.7619277308105 -8.496502142161432 -3.764767989109828 -5.986927065777309 4.3596388375687525
250 8643.855701208115 64773583.08392041 -2.5492856651024427 -72.60113498825895 -58.7441225602581 -20.719481660741415 -104.34519586197246 -1.053014031563805 -26.6671689090212 -11.44550272788473 -2.5267104080609784
251 8677.665688991547 65245968.12385204 -12.898291706767179 -74.2856294307868 -60.09211038126222 0.7015858980491174 -87.36787193759542 -3.988257042240434 -23.500609860566158 -2.7447496758046555 5.329088902662761
252 8714.521816015244 64797633.37678445 -0.28068417641654264 -59.66297341335472 -62.654557803242774 -7.708227025975823 -98.97676682812101 -0.7816355262548882 -41.96346991905153 -6.6078631068354525 1.4427776045548626
253 8748.437299489975 74419083.34924574 -11.074872602264048 -46.45700792300847 -21.705458629082806 73.71837727119194 -26.468540964439395 -2.3177692435260155 -4.240346021685184 34.276908728392755 48.207351539866636
254 8780.652264356613 64623294.49516937 -6.210107430563034 -76.9784300841971 -56.29089516519981 -16.485162155514608 -103.74937764529341 -3.4879930224811915 -29.24546488402615 -9.332335875714932 -0.40973619580773857
255 8812.87640953064 67319806.36401863 -31.55139293460956 -76.13095235359032 -50.28897970002447 -11.587302193406096 -76.2009434854629 -20.945523616109483 -6.33044373473291 -8.574660537185139 2.3499469725697395
256 8845.771119832993 68322523.19383967 -20.010858713464287 -54.222943984576716 -65.10465271889007 -43.17191606623046 -106.19825179549491 -11.031628262846368 -17.192235591622932 6.1012145477428135 11.294298068237765
257 8880.411051750183 67833423.86074622 -11.363587363247612 -63.155851444545526 -62.74607547818283 -62.07404607232899 -129.93495098099876 -15.683649973584807 -28.072029627827533 1.0807517291780755 12.175779817847115
258 8912.252790927887 65091170.58678512 -20.777505366039588 -68.75412835001772 -45.725828809251205 43.62729929550779 -56.847529329625374 3.0558076387400774 -26.486754443289612 -8.368204528422268 -0.2313890316444258
259 8944.348484992981 68597772.77736424 -25.28781310716728 -67.56264971052485 -48.21196591324902 15.668129276496362 -74.29049856592536 0.25437952966655075 -10.656781013490445 -2.4314808296179535 7.332483277700646
260 8978.289462804794 64874743.148797095 -15.138816641564702 -73.29038484939792 -59.013885762786494 -29.379273555578095 -100.9701552164679 -13.180634825423056 -36.08200452897819 -9.818990083868641 -0.4407160187545287
261 9018.904956817627 189606142.2311291 -149.17731222484787 -293.3159135837558 2527.504686579529 624.9836079051754 437.28715668662335 426.0362942378015 1181.3389228717078 860.0032898949132 878.8551441104009
262 9052.609467744827 65001527.14872671 -15.600584421750325 -78.10345359420931 -54.914814405703595 -27.276340506095437 -106.51229968969506 -8.959010459729768 -29.644986709266902 -8.432150831676267 0.744828945696554
263 9086.667132854462 64989344.92954371 -17.4145514491241 -84.9188127940592 -55.06913888075051 -39.14504735366059 -121.08882373257745 -6.566519729377887 -17.223385789278325 -9.574301080476744 0.012528194712388085
264 9117.359620809555 64957890.34701781 -12.871786846834835 -63.29954604940808 -60.297202656419046 16.558502194507398 -73.17894305751366 -4.639754160771815 -36.769662377898214 -6.077491998840003 1.8514016653032854
265 9149.428764104843 64827474.40326754 -5.400686639092455 -76.23119358933276 -55.98603642339001 -19.32188111387051 -103.12578634001984 -1.0568633438408597 -22.540164970518674 -10.15086269266709 -1.1984040313392939
266 9182.584668397903 65280648.605917834 -14.060616273990766 -71.66357534409232 -59.35871543876459 13.617576633703479 -78.58061125437379 -5.882374607414363 -30.003349427714113 -3.704639877743432 4.361755069184142
267 9216.410130262375 64929535.694738366 -2.95574519122738 -72.93305497346414 -59.52566816534049 -40.70265387132348 -122.22513009910656 -1.344261367675017 -25.45916552952957 -10.533636706199957 -1.163955200624173
268 9250.760717868805 64789799.052242264 -4.12224058850159 -72.12940819093782 -55.90845422209505 16.09290337335768 -85.77390486349161 0.30763444570908405 -26.999985092295503 -10.760837691919107 -1.402223689197001
269 9283.203964233398 64682641.82244248 -1.1507915648196825 -72.8294309541806 -57.214593518641024 -7.912756527786485 -98.58662899362082 0.2615097648937308 -26.684017408700186 -10.81479455341713 -1.952887941548056
270 9319.114878177643 70330676.34314026 -8.871946571882193 -59.09761801393292 -65.18827347210711 -19.77827779174286 -108.29310729598798 -9.17069387546917 -16.584883724750114 14.954599982038417 27.895055354704823
271 9353.427717208862 64650776.13384893 -2.223220150409275 -73.53721400583171 -56.22497387450358 -7.608791126839243 -98.26964097524487 0.16127802079330422 -25.842976794305628 -11.238920593368846 -2.5236612966632492
272 9388.047960042953 72452536.93763845 -2.477528938616877 -40.38583459405382 -31.24661696500717 10.957297793867212 -60.80578782266216 6.232978187961805 2.2027844774713685 38.07538017369575 26.569916000167837
273 9417.564796686172 78341081.74360728 -0.546885876256705 -11.11116444675367 -48.84560727384388 -48.097379809461934 -126.17965093103574 29.085634823479836 0.7351855385164754 60.38731707542786 73.57930278295521
274 9451.318077087402 71916474.06542318 -1.1503792118907894 -41.85602812653385 -63.72802787316376 -42.81028442801206 -114.8917797349597 -6.107710476367004 -31.53511341618338 17.02913912627514 27.417627818234337
275 9481.777988910675 64434908.55840036 -15.160261425318136 -18.36582235304073 -54.65257656693006 2.134728383742633 -69.91469255905791 4.738844275631209 -42.83848699224421 7.291898093504756 16.86391222143311
276 9514.10331583023 64868232.22352528 -1.9542011529642993 -68.4705368321439 -59.116517960971926 -21.96695665851756 -96.04102386875869 -1.7921259829657288 -26.826847503713452 -4.771134746842449 3.6613742514222736
277 9547.730324029922 65846285.04170686 -4.135190440288033 -44.687234231559586 -61.84630310478828 -35.128679462372425 -95.00187307013526 -0.25857234205074064 -33.57998833335154 -4.950807558504607 3.438327264395923
278 9578.62775182724 74903627.7447914 -8.36651619381872 -37.842024348728586 -55.97877630227518 -29.59126752353582 -106.81242000656762 -6.9939812334984595 -28.829467019645335 30.966538560970434 44.43948198050373
279 9609.63065290451 71268401.06183672 -9.472411607516461 -41.58308695359862 -69.75023316587539 -23.423112427710272 -94.93163537071995 -14.353499839439166 -27.378039369759165 18.97409990163669 28.868253671704224
280 9643.421409606934 64643488.83823684 -6.370532694182864 -76.5245734067053 -52.90412672701812 -37.459662561486546 -112.26792477875115 -0.06789126790158662 -21.220714702821624 -10.932722399387615 -2.6835680050323845
281 9678.14407491684 65905720.62185466 -7.794095379041748 -24.033278801651853 -65.91219871848907 -36.52939766816058 -108.38900623895066 3.1627413675636262 -55.487255121560224 21.636819472073284 34.365877147495326
282 9709.834237575531 65080334.62261617 -14.817448003006113 -24.506155072287797 -68.75869718576058 -33.46223714676712 -108.39555197154841 0.48096241280984486 -61.258552129992836 14.962165892067446 26.331412641826205
283 9744.358115196228 71675121.64063708 -10.273273013139226 -23.029307798612894 -51.76629171462546 -15.082049073684402 -100.82240887896509 8.450624742768241 -23.913450592165248 46.436067031858215 55.747027675503205
284 9777.062998533249 64482315.696246445 -0.458490840702126 -59.55170031414811 -60.264510041637905 -28.068882900727132 -101.17206671093761 -8.89391875069225 -38.35696872602489 -13.306284223435 -4.895664625056554
285 9810.793011188507 73365479.19974001 -29.0342588318052 -75.76305689798036 -32.13846184173941 22.978761059214577 -85.8055443551745 -4.582946257419962 -5.926301751494975 18.799220642793102 28.687080214614753
286 9847.97662115097 67137809.34259078 -3.5093315629151514 -80.4673098022148 -48.59681556180999 -16.340581024672325 -91.67589059759372 -2.9733839027576323 -12.322017384051264 -10.100149448555896 -2.28803264513391
287 9880.856630325317 64802215.00558978 -2.477758396436771 -72.86040507751292 -63.25675003148365 -37.95073265984271 -114.83697360608973 -5.825436736995243 -28.67222648066104 -10.703192182699127 -1.2372517592380063
288 9914.116347312927 69611910.07411769 -4.998284205931631 -57.58781051801426 -53.50004864765539 29.29367884886603 -75.01673091151196 -8.355144501065467 -43.24192738423932 1.8929055465038118 11.382827882838626
289 9946.43403339386 67033948.73097055 -6.104365143718113 -48.39064627100647 -61.66010800496892 -21.344688419985438 -87.1174932251113 -4.919391733257953 -34.584511785041 -9.76600931284537 -1.776511859481218
290 9985.920328140259 70154360.68141736 -27.39957625725611 -92.89966416610348 -34.520455090219684 51.96158778267207 -68.66384617290754 -24.215036300358463 -16.129031368255824 6.440989329516128 19.13973799501855
291 10017.678483486176 68624474.75836322 -20.015011033040075 -19.36144552659083 -64.97709284281197 -19.22873235465208 -106.47066573349721 -0.4730293016298788 -47.83619699268155 38.34351227053753 44.798910209081214
292 10049.48297572136 73383195.58598372 -15.313902184433529 -46.51176450947613 -53.72638248286474 -24.54483675116127 -104.5039086984555 -7.569769791229703 -24.48491787768353 22.04156445963895 34.22443298896292
293 10080.904235363007 68207990.41631888 -15.423253146577785 -37.89795946764586 -49.977665083502814 8.314707768418586 -86.13419594959717 -0.7314148416338639 -43.28678659980119 26.46871174827652 39.44382179569948
294 10115.869811058044 64877698.19945386 -1.3275470737918793 -67.31107525408429 -63.6374580042572 -43.57367661517359 -109.60778696235923 -5.4365021755802445 -33.56495210418058 -7.6114945480629785 2.2521058138460717
295 10159.269892215729 174719545.82344505 -92.67500890326444 -243.47548571070774 9175.725928517775 562.4013852083425 400.8449964232654 558.7867164671634 1422.617776109251 597.1951795682207 671.5798438048762
296 10195.00992655754 65455280.080169566 -10.05677231705661 -60.24259187711684 -67.19668926290848 -64.03412465964871 -133.0644304593719 -3.281393162684253 -36.50216795586164 -7.292479591079029 2.7060857362906177
297 10226.878206729889 69680003.87076026 -8.601495800846608 -72.72175463127628 -60.18421224228485 -54.3074135719595 -121.01782540632303 -12.94509741205701 -14.202288857503447 9.996074582525637 14.723867658037648
298 10259.323167085648 65203314.8133944 -23.89586879143519 -78.58151510263671 -51.58318184236364 -1.0149261454200555 -84.36603018253409 -10.884658869479608 -23.83585009184742 -9.347026355064202 -0.08897708876969546
299 10290.70616865158 65203920.85904657 -0.09510990478195147 -55.721578075659366 -69.83322153811923 -22.28320028882328 -104.48444906304864 -4.3250856253905 -42.8851488992816 -8.464269906944992 0.7238577498905556
300 10326.430095672607 64984997.63928456 -7.325697678194541 -68.72329673990664 -58.02809701296195 -29.366910125638157 -101.1676891905709 1.6665297674865656 -28.449129453220678 -6.557169937424362 2.2313090193312632
301 10362.112800836563 69802748.91490945 -11.59801901823467 -76.96589545076769 -52.37076943840698 -2.2887534868316877 -83.14669828452311 -12.205994422887102 -10.454830441075558 3.431021518001444 14.747376567302695
302 10395.35633277893 69934056.58568013 -9.602862554235848 -63.303327404523834 -45.13283732822229 40.2371233487948 -71.13309786510787 7.860043753732953 -16.82994925868593 3.492167253391642 12.576653458713508
303 10427.796617984772 73063477.35236241 -0.2517076594622516 -56.13396796545926 -59.698681454672574 -17.94650974122203 -107.57991416172638 -4.3898548746473125 -30.531630425169112 14.800887033118556 26.25291740070338
304 10462.874352931976 66204297.89373575 -1.7540117161916164 -52.14051142148869 -61.267344150086366 -34.34508314303528 -111.43322954145037 1.0058715194410865 -43.405358864024834 -4.275356972771704 5.984258859691295
305 10499.542678117752 66405082.68731102 -2.9134002272464317 -46.49269266496435 -66.38409269982242 -12.890405033494744 -78.81717818644019 -8.01591910063803 -41.58164448619493 -1.0091274546234104 8.022541980069775
306 10530.731265068054 77093613.99589513 -16.59045007343866 -23.78720825038356 -29.643796052812327 77.56784131769034 -8.048367104833176 7.906168859562399 1.1496676859455874 57.63145262751243 76.74942349741491
307 10563.685105800629 69176894.40715833 -23.90613345835706 -77.42605796135196 -42.76046466499323 10.736815356112757 -69.34446863518515 -12.540345786166199 -12.461026938927944 3.112943314183042 12.312106726783213
308 10596.222865581512 71423411.28043143 -30.907256028566778 -76.52025641761986 -40.788462516470155 39.53797132496921 -30.95759286043373 -5.0008935915751636 14.599538615359393 16.81186162197912 28.439641022304045
309 10633.142730236053 69438323.08749312 -17.73694537451835 -55.801929835737035 -56.11908654521244 -2.4170799475432645 -74.36002415737701 -21.056445115880308 -19.90602651752522 13.822608153733881 24.900963014177364
310 10668.398631572723 66464238.11660205 -0.06035539962384995 -36.8158053346079 -60.06390399266525 2.7824383697355373 -74.65041393784455 1.8500487278856212 -45.75165449274044 -2.8229917408521032 5.40819498954329
311 10715.19041466713 177378558.38457316 -239.98671158940385 -327.4160751575779 4284.162826750328 690.3092641047688 465.6055130365064 736.8825333616692 1843.443215458075 717.0454884767883 823.6253952872851
312 10747.367667675018 65134759.21422894 -4.492910514961653 -63.26361125308251 -62.13560891692654 -18.761113411471847 -95.02881070983366 1.613502525747947 -31.82741302599061 -6.63839509253512 2.3484515194103324
313 10780.10349369049 68691364.58934167 -8.879539020308377 -57.42978420380378 -54.26939732113592 18.01322735062255 -69.42193071628046 -6.340069247341603 -29.0004099121997 -1.7880913300850239 7.284708201666433
314 10813.741589307785 66720097.07133729 -66.89977290281642 -73.83590499437491 -25.066153008412435 61.155961091835444 -23.53561376377823 23.049723086314316 27.675783731908496 1.9875340020659564 10.964473704630677
315 10844.994262695312 69903750.97318213 -1.93151967882996 -44.55070838010548 -69.61045778418115 -21.0691619137081 -102.7953104390078 -6.004106888836645 -40.20710678527814 9.105968301876942 19.549328257157754
316 10878.339848995209 65907911.485315114 -7.236563692555927 -72.46599615519658 -51.47335193632034 -19.253007349694514 -92.74206802548315 2.6407971084707356 -15.827152054789565 5.689400414617069 15.660207789047945
317 10912.182146072388 73267000.93170826 -7.468085763696986 -53.429067829978976 -62.96805089511913 -42.58743889243044 -113.9165995767294 -11.997465750368121 -22.523559602254807 20.070380379335006 32.1981334457854
318 10943.34295129776 66864374.53943235 -13.29444423050309 -30.276478845432564 -52.816742472441206 -4.088652766250519 -75.90571821406243 35.86616020201541 -14.728267941681565 5.50279523146088 16.74893389963472
319 10975.897767782211 66376356.62749476 -9.27782632274726 -62.07335962664177 -48.838428609338735 35.48241710379624 -57.89802583140569 4.416462931747731 -31.407751160852342 -0.3481258800116507 8.639540068059716
320 11007.602107286453 82563079.26951931 -36.0485095203197 -49.23836773989422 0.8679836101749601 59.39343731569113 -60.37013880154882 24.997796331714653 40.18586475124869 80.72446433153516 100.8448757469456
321 11043.246986150742 69715376.0988414 -11.055923587655911 -77.39490702013867 -50.58374870173576 18.10482389497198 -60.3841678281823 -12.233755550538945 -6.796799130088573 21.321587282384826 33.652563134003
322 11076.483384132385 74564297.5394847 -2.6454250925277716 -6.036847930856377 -57.06926992232395 3.7235895788532574 -102.86464308829262 21.84115543608857 -34.12960677206621 73.13552414712376 87.52496102245425
323 11110.405625343323 76143103.95974487 -4.921514479399027 -56.41533445722462 -49.53873194782477 -18.236341607052225 -60.39815250453972 -15.718004886286451 14.756651628987811 27.43556705469689 42.750281830566564
324 11146.368515253067 64880544.59364963 -3.440796494784582 -42.90469528173481 -65.16218719136239 -19.77385072929225 -96.25934388001284 4.4942304138770055 -49.81931703268259 -10.731721699353102 -1.4977740160354642
325 11182.852815389633 66015557.89042932 -7.151451313262825 -58.766633933946686 -50.137508798575126 3.779555346963967 -70.58281885830719 6.372258093561129 -22.805714555614827 0.2224918111122065 9.16871332877281
326 11218.117294311523 69832293.62710035 -7.14241210274461 -77.03825074970851 -49.690067650184496 -5.412561711292938 -85.66118088816245 -3.5414651051250985 -10.7185452121239 15.843431714496433 28.8522193979818
327 11249.52414894104 66226164.23696455 -21.802292915853393 -82.02120582245817 -54.71115226489751 -38.085254444258254 -101.61095119243748 -7.507435546855788 -9.289212792818148 -0.162397579782521 11.075226469350412
328 11284.093929767609 66718303.924320266 -35.89293278073627 -79.77387754045465 -48.03050595262196 14.657568974643134 -67.63757767384777 -6.32235834894243 -0.12071796579465399 0.41101764755370596 9.531933782435885
329 11318.48493361473 65628733.24168293 -1.2475116130073909 -80.72946560182191 -55.908549514944035 -21.019772411468473 -96.49425628821704 -4.032168509000996 -15.85391858854041 1.9912725732710328 11.170993417626732
330 11350.265689134598 66025749.98107068 -4.269805425484021 -51.82319846364139 -65.70792991505206 -25.28993973509887 -97.19987307701885 6.776077121728292 -34.53546262294418 -3.170302164387067 5.584633142012535
331 11384.556825399399 66946042.49610663 -3.9413307466384992 -72.08335485028333 -56.910295980493565 -26.866204889044297 -113.98008613271257 -2.237750937495946 -26.68930533262369 -2.12406224378077 6.683482378672522
332 11414.869133234024 65477138.42146328 -5.150451417295384 -10.724292916507514 -57.59711216244991 -1.4662224642286645 -61.870714319225584 8.972697774686878 -49.18769986156326 16.070578870929353 27.224082134114838
333 11445.655911445618 75583360.29568915 -16.373588129858994 -41.76592594729561 -40.46718415978558 44.43846027225251 -59.401557048505495 11.077942747672068 -9.107774470481672 37.98853239257937 52.23573777596505
334 11477.856689453125 69193035.14554086 -20.731933055507 -48.01352110813843 -60.28985315648663 -21.49524984919055 -99.58852209361393 -7.242825310790806 -21.600968702449734 11.798373107299483 22.641373028329667
335 11511.519332170486 67688482.2178656 -3.9936438395563396 -52.64805889519712 -59.16228953272806 2.6455394515240584 -82.37549992070616 6.212550388421391 -31.541504291229614 9.316149473946268 19.69890351597303
336 11546.608973741531 66420664.48225892 -2.8501396780752843 -68.30699728086128 -56.43207251100192 2.9342145070872263 -74.49217372345801 -2.854019590315602 -21.576741025273975 -1.9307592755644691 6.754463953059428
337 11579.413826942444 69209730.43828534 -4.531276078117113 -67.22221301178718 -52.04574549673136 -38.51163037492569 -101.77420230760367 10.017693260320357 -3.572164845035786 14.878163700304526 28.153445966148524
338 11615.314862012863 66851815.53769995 -0.6552716466932154 -61.00928038457982 -61.68906452086676 -16.339882723078304 -101.42654551095767 2.0648444362510077 -34.178915835780174 -6.618446176110751 2.848910300613852
339 11646.63664484024 64781700.08422299 -1.8307019055153386 -69.75010460718127 -61.60044586046047 -18.439772942279888 -94.72427907672514 -12.831637013680677 -36.05686331026743 -11.85027836016917 -3.8598207189616573
340 11691.980422973633 176902761.7954761 -257.1080517207406 -290.23518369726145 4246.9178362464245 727.4848270980325 487.17356380214915 628.7095206528115 1573.4899911057569 779.6177447983896 884.4493023076218
341 11725.599225997925 72325473.86437696 -4.583939944600616 -65.76300202042903 -59.90984324409409 -17.173101752208446 -92.25772271526972 -16.02886351658367 -25.63853483274744 4.426484721500799 14.081471388849764
342 11758.94997048378 66898769.84971118 -4.726370784675113 -71.30359862870752 -53.43840775489726 -37.56295306583356 -108.9621927627472 -7.0517491056107815 -19.475777234655425 -4.50369479283421 4.5729035337913615
343 11791.650118589401 66039686.67055858 -0.5562320420665836 -68.243104991252 -65.86785769993719 -20.392187061073628 -102.73802047430244 -8.523408732056907 -31.87152847311421 -1.6979427161033414 8.518061257674105
344 11826.977443933487 70308441.16746743 -2.0869723885055107 -83.14856798534682 -54.98739542044245 27.73848827454284 -62.82714878493772 -13.098170678615304 -12.949998817703772 9.086838814282487 19.792643794659284
345 11866.526567697525 186981092.92138016 -160.9326232376899 -242.85940911673407 2842.569531996905 521.2116108255874 306.0314885959069 415.2461497917892 1049.315838231797 928.9383397354625 1069.6914193607743
346 11900.261008739471 71638617.10744326 -2.3784374530614087 -62.61318191247502 -63.886933315655135 -43.53080359778101 -109.90444139259391 -11.666528928803814 -24.985868406277348 0.20253485692637696 9.210033344062538
347 11934.329291582108 70036040.67275704 -4.519928515911138 -17.14200617169592 -41.943611227398776 -28.94717345116598 -100.78690670702433 20.95867071130624 -20.905630965269836 57.12182221936439 61.3756582929052
348 11969.004907131195 68323992.3325241 -15.734451927218473 -72.44292395508073 -61.69490974179273 -18.982185079505996 -94.81212950637646 -9.96016570946199 -25.500298837794276 -4.574927231068614 4.804568981320699
349 12001.69546508789 66583423.040115066 -33.93955117666132 -93.76828895559343 -31.42331320397932 -6.780914143241596 -86.0954542252717 -9.784786908201113 -3.185471602606583 -4.16761523409474 4.6306179102119245
350 12036.273476362228 67487496.93590498 -4.315558141775165 -43.58386017663521 -61.507372531483476 0.6757835966632726 -75.7169667835191 -1.54646934632882 -44.251789348215425 -4.442010698354352 2.563324230783053
351 12072.244219303131 66754231.15021876 -7.871032137969495 -42.78033419186999 -75.94408499557657 -68.21979932541217 -138.4965372850227 -8.86423379821963 -45.130619522799634 3.1735378821356335 11.400247359836499
352 12104.434235095978 71203885.55081435 -6.465794067652831 -55.421495164870635 -65.92785338706983 -19.623676939762504 -101.29016226748571 -11.379366678197243 -35.50587673184725 12.373048452164767 24.71875605539003
353 12138.199414730072 65145460.65101788 -4.965460208065559 -54.93507841914122 -54.804500165479595 4.013699730036812 -74.00871666575793 -0.01635242845236462 -31.08726545419654 -6.4674645621281 2.013208406729916
354 12176.939809322357 69356535.3911216 -16.119153738772944 -97.61305778584578 -37.9008804947998 25.257812551648623 -65.45223078967084 -5.328169360333106 8.635368945877929 0.1141810140339885 11.352281384646915
355 12210.179332256317 69541098.14609872 -6.208780001008702 -64.44040924356575 -58.20036934875827 2.992042108499014 -74.8091973952083 -10.52646564090594 -32.29988539262507 0.35161077999958934 7.900713344184055
356 12245.233298063278 75437169.79628143 -1.0256934050924125 -58.11918694780877 -60.66089312830517 -9.937018563925875 -72.17649678305612 -17.614575470938632 -19.74721330091984 11.252594138473114 21.882605924748646
357 12275.821686029434 66461820.714240305 -16.347659882749575 -53.995798246075594 -55.93906779778824 -31.233561654295485 -87.51977202852515 -5.502319307081109 -26.340316514326048 -0.40517400063873765 8.60718580216161
358 12308.57592701912 64664434.278111026 -16.08290927673477 -19.98966127467386 -58.07216706785003 -32.14938397258529 -106.92797398110191 12.892596616121182 -49.2584922537136 9.120106548709884 21.029204235800762
359 12344.520473957062 68024560.97478285 -11.71442229902964 -57.86596314820245 -56.96158930431699 -26.759709255361592 -100.00671622793769 -4.2867671006496835 -17.656903759552165 10.126623104526004 20.98741408596129
360 12379.26303267479 69279482.47725563 -19.657541395457883 -75.89950766221389 -48.07835380535073 36.078772016497375 -31.224986572530835 -12.310196699337496 -3.7645748180420355 -1.998531360967263 7.646908600113534
361 12410.87169456482 73973579.28454992 -9.30549384222382 -12.356626779047264 -62.019135212751785 -2.7351184360661946 -74.68005308518252 6.236202994265511 -39.663031477647905 43.47205421059391 58.875981283834676
362 12442.679692268372 70979773.33700131 -31.236783084202383 -86.25184075214918 -36.46586337433581 49.56850970948072 -47.74096337954238 -13.24181922938402 -11.422599183372995 3.1856932816677954 12.783472843948516
363 12476.568912267685 68308006.36741848 -19.04084944455908 -80.93448104386053 -40.401906799252394 18.870192368170343 -72.33461867261252 -0.8344859670468736 0.9627781290969892 17.39890681031875 29.101089779988342
364 12508.809253931046 68272361.85539462 -26.013921866104695 -83.8078079814463 -50.50782020411323 19.330466419931966 -65.30955130791315 -16.46652761563587 -0.5959136259892261 -1.7461025972379502 6.742899926930761
365 12544.378436088562 66113546.45663823 -8.181839015853779 -88.26833520844664 -44.41674287606325 -2.3666656646311495 -76.54275047317272 -4.419658120856809 0.00586880083392316 1.4320186442777754 12.188237301152753
366 12579.238639116287 68895121.16499974 -10.574982108819041 -74.84436843663607 -48.112130508874316 13.222248359066867 -78.75066458486839 -2.390066771775139 -16.133781897308666 -0.33389191435361454 8.628077959931204
367 12613.992108106613 68735624.33075859 -4.047067987773678 -64.74886316965782 -45.451634426190125 16.08677646711414 -74.64235839857936 8.418566754631343 4.915725729718986 7.762327418048585 17.56426553687004
368 12652.15427327156 160355023.56338975 -37.889048945920024 -143.33232838674505 2682.9155004634645 434.0897232236847 252.332428870473 378.3596414367962 884.5599839540168 702.8720342459069 698.5539741478608
369 12685.150573968887 70547693.68006419 -22.21141829051276 -60.33775127053226 -35.7826869053667 14.440648536327942 -71.6357379572785 -4.808747818492066 -3.9823588418703366 39.51757731440489 53.005184015735836
370 12719.213091611862 67076113.92555361 -4.400968545029471 -70.6417455039041 -52.67764945946105 -37.44443030000237 -104.57334102192672 -0.8386148842698162 -17.23379193809376 4.778618351912314 14.455986938642013
371 12753.102310419083 69992711.59572332 -6.897848128501036 -62.152786981460785 -50.10459013967887 1.0323357050736988 -72.0618852355043 15.444778087987856 4.876525615218213 36.29882043150542 50.9354996856448
372 12787.280034542084 73950114.45354776 -3.9976826535920065 -50.493578854144424 -57.20339536165877 23.326489376980348 -71.38269351759641 -0.8894531589244252 -22.705958814000155 10.185454171834806 20.649590770651685
373 12819.115517616272 67431145.06114769 -2.65648052581924 -44.499618969402384 -43.343392036977285 -8.203551839695201 -94.59070499927277 0.24621722673782642 -39.11230113634207 24.534015220079255 37.37780966924947
374 12853.519751548767 66501101.60220134 -16.827181413966738 -55.768563960661304 -52.79297788068277 10.340953194971469 -78.38448486576172 -6.069556032162325 -34.55882086435986 -5.143240246232665 4.60287780037504
375 12887.794157981873 65320475.6865141 -3.62936109452954 -73.06062075924119 -52.84270975362882 2.8495001661634944 -77.10757693143427 2.567035677962849 -20.70560316960581 -4.213047107624448 2.6579411873663616
376 12923.892115592957 71465096.24546164 -2.355175665145178 -69.77422771365022 -24.433290608523293 36.324104228571045 -80.31340831311313 -3.472634491348572 -23.246545989842048 27.136834374578598 40.02332660980244
377 12958.973695993423 68673479.09104802 -25.102846104480243 -92.31083677958918 -23.30410050646661 63.65228247151344 -46.57576138959803 -1.5158126410060504 -7.326413455551858 -2.8903779983030518 2.1235614819375996
378 12995.503026485443 68043585.21046135 -2.0665547276760154 -79.97177558857642 -45.738527661160305 29.02604667324453 -69.93683020175547 3.814940611882207 -9.51420750256915 4.674227025076959 14.32385128646797
379 13028.74388718605 72038331.447909 -4.252252657766608 -51.28401388289095 -52.88697820135077 15.387543680110596 -59.16854585413082 2.1363047151614865 6.049283079917473 11.052190645113 22.943801748992655
380 13062.767454147339 64886783.85239297 -1.1294086734633177 -52.26142004269717 -63.437608594120825 -61.92710670151626 -138.38704277395072 2.3838919861474324 -39.33090407472906 -9.229436694447998 0.5874439788698282
381 13098.176692962646 67747792.73047493 -8.146066564049812 -77.70904472460784 -46.68384405884217 9.5816316021034 -77.13676845896788 -0.5093694527031971 -10.025229524428312 6.116486594871617 15.883744758223315
382 13131.615765810013 66883840.20698137 -2.3453109116525876 -70.629251739624 -53.050129148321346 12.900704986341985 -72.85008210195681 -3.454264387679757 -25.99725104184199 -0.33685917445171754 7.288471587576339
383 13163.143765211105 67764888.92638882 -1.2608227086623192 -68.96999358496211 -37.02364754152507 30.58709394774968 -55.79952888993904 14.410447947675266 10.525400635334734 5.612159106352067 15.00431761359232
384 13195.921493768692 72086351.41322188 -8.25547708863317 -97.12978860672806 -30.744507221913707 17.704250184401737 -63.16124618539493 -7.455444243662271 6.183650821210335 -3.0355502726151826 5.443457453896315
385 13229.636859178543 70118371.64562288 -9.898938161606019 -73.01970317015937 -48.83587766537652 -22.907970545474413 -92.97018420402979 -13.259698161399001 -5.939647772037517 0.9604721962304552 9.921395875834207
386 13261.612875461578 68624131.8613673 -1.315725530397292 -60.26250127016694 -55.37366060413691 -6.454354680633706 -96.00595531413802 4.4639016957996205 -25.179978965488715 6.383743504647327 16.294028373782453
387 13296.96544289589 71867454.31208673 -6.3160644865469475 -89.0001729974167 -35.336118969970585 -11.6643790142992 -93.62894174506202 10.106562288177031 18.162127162378738 37.14332231596359 53.375565426408684
388 13329.491302967072 67535398.05399379 -9.632574370929484 -74.56874896003974 -43.98371102465451 10.848829275733749 -78.49716255009741 -1.9926879124055858 -21.774072555649184 -2.5986194687833972 3.797390198555945
389 13361.213385105133 71517020.22327279 -3.576666977740449 -36.98191278676319 -63.93395835738567 -23.51634302041287 -91.18860664289186 -3.128841421499544 -25.987904688698052 28.611941336474388 41.32207393718056
390 13393.531847953796 69400933.40054788 -9.254180415667562 -32.46115144244939 -67.36592693875863 -23.307742245196543 -72.17120911503254 -9.596987120035578 -21.64027625947523 17.724557524923398 29.440890352674728
391 13425.81234717369 70884492.52848451 -29.092018323501165 -81.0266158295825 -45.96671237996195 -20.79680113642693 -96.38732066617325 -15.136104154645636 -2.96746457901196 4.51301955830229 15.74094043574064
392 13458.56142115593 71934158.43262666 -14.412469105624774 -75.95521155348925 -50.639897727626895 -16.350072341824635 -74.15300945772887 -12.77511906000592 6.962043840186595 -0.08907425252328949 8.927619948257018
393 13490.444969177246 69109908.33142883 -1.3226439164482242 -40.45711159520228 -64.03243569910849 26.381745972958804 -57.56232439050225 -3.613342925077859 -32.07209392723797 5.626544230130776 15.50392332617298
394 13524.398248195648 66466005.25073055 -26.971229937758157 -72.67179917568376 -51.95803217012674 -13.460074879957382 -88.59312886899917 -16.637326928929042 -26.790698704093415 -2.9936695454193227 6.030378008437594
395 13561.72144818306 70508014.3315359 -26.315218901309557 -85.17916021929514 -4.154978070155494 87.11599414859693 -36.92562151282408 2.3229444904523007 28.58435722765296 6.2579475501395905 14.714223401567665
396 13594.474519729614 68793236.0095818 -1.5461367501707262 -43.755671047280124 -58.68929694038882 -16.351375510018016 -90.12033801491484 -1.8793152289359796 -30.538638287176127 -4.056102020849835 4.60703280574063
397 13624.639588594437 70147142.57383701 -26.291956751246918 -71.16287265605013 -40.42418163806464 6.333713480946578 -86.88396376773083 -2.3547697103450105 -10.210715092681255 11.907185963347388 17.718433433966425
398 13658.373817920685 70323424.28076558 -36.581626294920156 -89.86721163958808 -19.54245410214542 71.88160689848732 -45.63298062113673 1.450417541592003 10.087311443548913 15.8670197513203 22.962188251549378
399 13691.362206935883 68676431.47476302 -17.7851089356989 -81.1123242776549 -36.37101425511356 -10.028533779314913 -94.64402759100479 1.612184956346539 -4.144696347119748 9.513116480976464 20.426093849454446
400 13725.675020694733 68874330.55809252 -10.992111562690052 -70.85997467002099 -63.21456230293034 -20.68520688289327 -97.29720874110741 -15.302951583916808 -27.007843684000136 1.7180758348615655 10.385863856786045
401 13762.22141623497 70222908.60447958 -3.7135087032771796 -93.29089045586763 -21.487083026443564 71.24870084196445 -57.22482864689325 15.137301077361826 11.436444528122365 5.835771374085994 15.320459048808516
402 13794.825419425964 73296446.87135035 -10.127491068192349 -81.23846513929702 -27.70725038272255 88.4733956390985 -26.7397358453223 14.094047822476568 13.775796629395472 6.845716464121722 16.071970056617374
403 13828.54835987091 78071647.65313718 -7.341400341197481 -82.57324372710963 -18.764261189818683 -8.337663177202522 -88.90125806635345 33.8695005413922 56.366297585280904 79.12669265036709 99.84186555091071
404 13864.18232345581 68455135.6244489 -3.2842268117180815 -66.5273034325842 -57.35728514745495 14.786099377802252 -68.62006262909057 -4.457552951610921 -6.688128757764389 22.114064896155014 22.43203413066817
405 13896.390864610672 63547126.71578637 -50.88953144962998 -59.306628583193984 -52.33755461119222 -6.2733873680472385 -83.94763365189985 -14.286166263868665 -32.88849240931307 -1.8024229944393824 6.745842437928161
406 13930.045467615128 70519773.84552489 -18.75080688016507 -66.87688463429181 -50.7579891877077 33.1566696815542 -37.45129160294893 -9.182890011459335 -2.249274013426316 8.063302576237902 17.269916469623695
407 13963.167942762375 66279889.57427461 -9.792017828589046 -75.33664857044154 -49.44820531311973 19.293655000489913 -75.04848492009839 -3.0079092486865875 -26.071806496871886 -3.2089453040297258 4.64996080025395
408 13995.679143428802 66084386.2062606 -6.4599672604602345 -44.79961155190701 -67.89306480304134 -9.238876699014853 -89.94989166493042 -4.06192574662407 -47.1420318828645 -2.827476418093511 5.795314014360315
409 14026.984953403473 71709960.26275872 -15.378121559587573 -53.645382228361534 -66.32166098717437 -24.597111347164194 -100.68798773098132 -8.96121196042185 -24.357248802304753 9.219803869701195 17.70060624221196
410 14061.502220392227 70370530.52665116 -25.691425050317633 -80.75925779947892 -35.982035497704985 25.866978363573278 -60.92229778157504 1.7417741126781152 2.5385470303806414 12.712452447418286 23.703213986925448
411 14101.92614364624 73152910.99933748 -1.0057421665918955 -77.65915057125817 -36.30281171738737 1.6916803374486449 -88.79125131487375 -15.13017777146473 -0.8483274430969914 8.39938066282292 19.76141310170601
