1 39.44639205932617 51668594.29403893 -1.6840193971017055 -2.55628684525318 -11.337399052260935 -18.613542006706837 -0.6796179149514838 -3.818504280590105 -3.184255565077706 -126.55083805565386 -290.2246675106994
2 103.32921481132507 139979680.16650143 -313.42511283525175 -367.44402514475945 2183.4894917113684 559.7508526435703 754.4477388880946 582.9658480418311 1586.5125179124516 342.70928998591876 1.1897149472548563
3 143.17198586463928 93803946.97493704 -265.57943293582014 -320.2155464495098 3521.406256407141 413.8783871375682 514.810445773836 104.76387974519446 536.0319811866871 -7.855482843930929 112.19808669471195
4 201.54262113571167 115999254.56106381 -233.07681913326016 -331.498633718719 2119.3933165308435 507.0746174324592 728.7592970816273 410.22611252343324 1205.029259753159 200.1151260316227 -133.9884396186082
5 261.8972489833832 166195430.49896517 -240.64311733197354 -365.58032835812253 3945.908332910495 564.4651993128944 676.4516621888619 682.3071622833456 1725.8005961708814 445.1140638972332 305.5941211081224
6 310.66810488700867 138744232.6506886 -316.3300649146715 -383.4990614462525 4048.143654233802 583.0596681947019 671.4777821597831 432.9125450004226 1243.1411374874544 256.665060387122 302.0066857509148
7 369.38215613365173 148308124.19805524 -241.2998801824594 -378.1486270603044 3486.0102379350556 566.1312836492825 618.3213081674413 506.0504980285825 1377.3101928416681 315.508189746834 303.34677920541435
8 413.2292149066925 111729359.79657885 -184.71952198252228 -240.37174725839188 1060.3853636372887 392.6335186309191 473.8761737276794 228.57827411416736 666.196146727015 100.9669134731613 282.3830284777472
9 458.1732053756714 110683374.3727814 -53.66061188960215 -174.1828167944165 5729.982257658485 379.5043569524756 377.7303869049133 306.56148176978843 718.4174436582618 145.0729215237575 120.72643025309526
10 506.16093707084656 112251514.60471284 -48.05060817241899 -234.19864586782154 14462.610051597085 402.86326731745453 387.6483431346276 281.692283266612 766.2061836809332 125.01983816913378 109.14229111728685
11 553.7009060382843 86198424.85768677 -105.8659960818 -175.4167843407999 577.448222509802 262.33213705526475 363.92095808631655 226.1138689526806 635.9972380261252 54.12881878153155 -212.55292694630975
12 607.4509580135345 82341037.92949316 -21.75617071944788 -134.08917484812008 418.7760252617988 216.0600013591637 250.37998783854619 217.52099228603436 549.0372155258374 44.370455256000696 -258.45232773461237
13 662.2188594341278 106600762.54336011 -204.52558927275714 -299.8029932194722 783.3799439088405 393.86787394537345 565.0121589675695 328.33920433741616 992.8985081909068 139.4974025624573 -120.96994993978245
14 707.9838256835938 104754299.20796064 -209.064249969559 -261.134332470673 1184.2613962211512 333.2450798835274 405.9116465178899 226.63208476603188 693.2222136840851 85.2697313348848 127.45320611376758
15 759.5405533313751 128581137.53056726 -196.04893067295123 -320.18925995048744 2686.107355632052 449.74718449303 564.8492375267916 414.23297882287386 1163.4857321436698 225.9426599786343 116.67226338112448
16 793.3453316688538 51959721.79267993 -18.640642132593406 -19.2068184111821 -0.5418083177272024 3.192597902187913 32.06632742772939 -6.949591696424761 9.345602697946674 -128.61952345491846 -287.55877905612
17 827.3916258811951 51744822.64294095 -9.828457622923507 -10.836239527244834 -6.954036777317604 -16.958937153305868 1.405710110022797 -6.192282807093136 1.8504788472883433 -128.28734018954538 -289.22747628705304
18 860.6630563735962 51765509.475275256 -1.1770250887310745 -1.8146031259498878 -10.855699767311215 -0.9072267598766359 26.63435509787304 -2.6427514816692224 -2.4367914725203264 -125.61565166026207 -289.25669976988695
19 893.676394701004 51633909.27534945 -0.8060967210233727 -1.219127312447982 -11.808653440824031 -18.688596157504534 -0.6438982131935163 -3.4678089350327923 -3.6080454248699425 -126.35617891626742 -290.9013803345832
20 927.2781796455383 51625892.73800213 -0.3073547762998672 -0.19801204909032943 -11.96534080621241 -18.601116924139205 -0.3739643564331754 -3.181529969510507 -3.7180985238877042 -126.16851827924967 -291.1934087263529
21 960.3641593456268 51672899.35920651 -5.861615765592713 -3.9669297926967535 -9.466583671978384 -17.62115055433094 1.7038874905865722 -3.8841931503102387 1.108179934905479 -126.7568563641401 -291.564437817083
22 994.0666999816895 51743786.91421117 -1.858861863863 -0.9300189822196137 -9.693891601044783 -17.699197623080266 0.6582317231567227 -1.990682479315069 -1.406323487972827 -125.2313534737533 -290.44889479851565
23 1028.1389617919922 51092130.59470502 -8.630639744845434 -12.054663521906047 -17.32913090054207 25.21088524597765 71.02909114758542 -15.739078431855887 -5.742719903253203 -135.89835613177002 -293.59922612329376
24 1062.7552716732025 51259185.48810208 -3.637247843299166 -6.466168811828998 -15.653190949547195 -2.9172140983320958 24.552269264609674 -10.446059857961359 -7.1157659490512515 -131.80612339466626 -292.45033961723834
25 1096.1914989948273 51226172.112543486 -18.078475450450142 -50.34171451528968 -11.648753340399018 17.17687907761087 54.68720522244621 -35.65516934293612 -1.386472437321288 -150.52819983378248 -290.17510849875276
26 1130.9986236095428 51323527.4053221 -10.64149614420425 -50.181902539713576 -12.11575306113987 15.769806087316198 51.084084763295415 -35.76259574179102 -6.076147501051821 -150.5106783248229 -288.68418246675196
27 1164.1522886753082 55051588.62766156 -77.26798737643816 -93.24711390131749 71.64738149192698 150.20620835234277 208.78142451277458 -9.632498814391624 76.75604172072985 -128.5941970359549 -265.9361942931435
28 1199.044770002365 69638488.46234289 -20.11425036366849 -70.99549941066807 217.29914382282797 82.36776902574312 64.88195709844453 30.25585515479679 77.03299421869087 -77.4532709449075 -32.82044351568595
29 1232.4697506427765 51644883.17907415 -0.965405857227573 -16.38768328831138 -13.392382499738886 72.00131889369997 143.31389115632652 -14.272020119822514 -4.02862311885292 -134.329216462948 -290.1570461594858
30 1265.4692327976227 51495679.988865346 -31.831159903002018 -28.143199972731335 -3.0319148583678626 49.59376223037077 109.39094539912844 -16.241974773969105 16.149213377931005 -136.26130668854745 -293.54946631584164
31 1301.1016528606415 51440027.51369833 -14.945084584368631 -53.63151398520333 -7.336669753720081 46.5084456278521 56.325706960674935 -34.826969973320615 -4.83145836098555 -149.56486926750802 -286.0209821718836
32 1334.69433927536 51480207.94919755 -9.52169116804418 -8.854833838024032 -10.604620446289303 -0.4475694672291155 28.359902453521357 -8.244279322605962 0.10830650277472387 -130.0797950976172 -292.1472267220879
33 1368.8228182792664 51387639.475426815 -2.694076103786255 -9.166780735093079 -14.962204152617225 15.261301277201632 51.733945875260154 -10.949721439640484 -7.532141096784073 -131.92235593329428 -290.49854085605307
34 1403.688633441925 51041900.017564416 -16.227597400576798 -48.33549358518507 -14.821080621491497 15.868189480617119 53.6621922319211 -36.91075723134429 -3.781582488184881 -151.62131737061986 -291.8883363899614
35 1438.3842232227325 51261663.14757864 -1.5795472419410803 -3.821801025622359 -17.350713655525638 13.954375128261276 51.21903918193248 -9.761658685423242 -7.631769005057606 -131.31915365798892 -292.8020176481145
36 1473.3155834674835 51736059.374773465 -5.637195965877945 -17.245702886111204 -7.895776791632358 58.8753518474468 80.48709530001875 -12.284658817270838 1.0127951236309514 -133.03386633712103 -291.37502160691474
37 1508.4839222431183 57000647.065349095 -112.78291122406146 -144.0940626374221 108.75274668357989 142.8994591845462 192.3968476159225 -23.13182801313792 106.91137850834741 -136.36267366581376 -239.5720002824661
38 1543.2774221897125 53663552.94408115 -31.11269134324997 -52.34512141497305 30.087775381530456 86.06832760045361 150.1868134527952 -12.048909922750738 14.713024668207026 -129.80269988916825 -258.06157494890897
39 1577.2584500312805 51874843.87620296 -6.00647881118452 -7.600269924935606 -3.6099035331130693 30.91051852250886 32.75220738893468 -3.3756470054202623 -0.08122738533785423 -126.02723981550952 -288.1063159074906
40 1610.66890335083 51492761.28664909 -6.433712226567716 -11.798758749224504 -10.814794340006522 45.3046451387594 56.991344341878275 -10.093705597930693 -4.997697365536453 -131.23261880373468 -289.44775813090575
41 1642.947646856308 51588116.0517104 -13.64539432504794 -2.3886039633629137 -6.249150343114373 76.11823728081185 107.30026067035466 -1.6409695362547154 2.687735264441585 -124.93126489192224 -291.16508568579
42 1679.273827791214 52177212.04309345 -10.60465675349555 -38.64341718597448 9.54428512959332 64.97586742858647 80.99436437967962 -20.705648580792285 2.61899733125324 -138.75264213773647 -284.0567238435333
43 1713.9453625679016 52907759.14208131 -33.37144299229934 -42.12559397015761 16.669217978646664 84.19306127364257 166.5208927333773 -16.324801332091454 48.96703906369635 -136.64730605190317 -297.4325436830444
44 1749.2198123931885 51627588.03237507 -5.475663121525972 -42.758797971777724 -9.173008907220307 29.149733165017352 30.15348732908074 -28.7231757820673 -6.436278000419861 -144.8967218539977 -286.350569140674
45 1783.9519350528717 51553281.04992502 -1.3987408262493481 -6.750148845664352 -13.935561525306063 15.8622290659072 53.076667760708474 -8.124799185276572 -5.056499046307238 -129.76381163249414 -290.32587794882477
46 1818.7119417190552 51426086.19757292 -0.16433369487604566 -0.5659756370061464 -15.342071498321978 -20.20128494303765 -1.998657535787915 -6.108757392529299 -6.373985072879236 -128.4622053533776 -292.07578431684135
47 1852.6019914150238 51152969.892624475 -49.73767362610341 -54.879422822985966 5.488277760969574 81.86961499638146 114.85592854800272 -31.07374341179775 16.041545382988375 -147.17840345399634 -291.9234918974168
48 1886.6950798034668 51263971.983930156 -3.5839690382540343 -2.6702761089685465 -13.316447001254566 27.34347578260261 30.12944787378955 -9.19457849144817 -7.825154099238034 -130.77718860509646 -292.50949157909776
49 1920.7712743282318 51567284.57806915 -7.712104769144419 -7.647682823192133 -6.849221712260835 76.08816481525699 105.41310106641615 -6.447921795836862 -1.7578498886102807 -128.62643708803995 -291.0911329009523
50 1956.543208360672 51445426.44016006 -9.318722598469579 -15.78838451117117 -5.660290564340507 47.849675277510826 58.26613288305178 -12.4251932635392 -4.887479054529763 -132.77329494171727 -289.92512650823755
51 1991.5363812446594 51421284.5927327 -14.71935652997538 -12.845782270401026 -6.464399576103155 47.70528831443255 61.30557079743744 -10.667046284430569 1.7792290108208704 -131.80315207222935 -292.65442222391215
52 2026.4986944198608 51351650.45904838 -3.52897892667424 -0.2221345018223344 -12.627113959198155 9.787797868522432 3.8389511703843446 -6.846606409472486 -5.001725766513516 -129.06855506913587 -293.37549478347967
53 2062.475858449936 51576290.12534722 -4.061035391184356 -48.0237577104289 -10.726967076741026 15.703860295683455 47.91834615574183 -33.06761967342999 -11.47587485534018 -147.96719090605188 -283.4551289103597
54 2097.6343026161194 51100960.8821519 -0.6496868962242353 -9.765230562667973 -20.413060670291294 41.57784138541942 98.7068669895581 -22.33838505782336 -5.601901326271729 -141.15069269587707 -296.92005767518225
55 2132.9484283924103 52657100.47773176 -73.17803656713657 -95.45179023401398 32.318972793925845 92.43452758700674 169.1622658301778 -35.54949026782663 46.31890923112633 -149.4713788222952 -280.33887534150733
56 2168.6850595474243 51477134.50999266 -0.05547076202708112 -4.7530320947599805 -14.628226159158046 -20.390915087418904 -3.380137631914476 -7.671933020548806 -7.969139289226462 -129.40566689253933 -290.11790699178465
57 2204.6566004753113 51946044.89522519 -3.984483413757715 -12.839515129638457 -6.425427323080939 30.93728603109266 36.79554290215976 -8.607692267791947 6.397565801120663 -130.35017166965946 -292.60967156754333
58 2239.611126422882 51225219.14382717 -2.3270964140672437 -0.5300712459004715 -16.77112490802444 25.448470492293076 29.680440130745346 -8.47778947911877 -6.327835258218727 -130.48229283299332 -294.3815633729366
59 2273.5647044181824 51407028.696469516 -1.4183623701405157 -0.06376056263251906 -15.334942435255776 26.257012931730976 30.46176546426003 -6.153757182352422 -4.7293284592274745 -128.6372056704102 -293.05610847575696
60 2326.986985206604 145832517.91241816 -291.0091422094277 -389.8096213422109 8599.390548575868 654.8756995924607 753.4168735447897 537.1398893825108 1462.8094428334807 326.16847916344716 199.85937142108241
61 2363.1399233341217 51545194.15500582 -1.340484455570575 -0.10137654661877527 -12.54544514282508 10.176229449272313 4.844416930932871 -4.735728380679632 -3.246588486783935 -127.41333293146897 -292.45234503743643
62 2398.4508352279663 51223411.40077794 -11.795591967611776 -52.21161197268982 -11.043632300864957 28.547200626857645 31.796907954198797 -39.927971800963235 -2.864434393508361 -153.95172216298653 -292.9664781958402
63 2438.707135915756 56876619.371064134 -55.40879590355533 -124.29911479887748 79.3390960886698 195.40741842421164 293.260723893322 -18.828322434391623 126.39305825643271 -137.59680197497022 -287.8593184632733
64 2475.2789902687073 51935762.57766318 -0.6593596490376612 -41.30490692255958 -1.6513074900666282 49.90370682750269 60.22051297383625 -28.844006600980947 -0.8958753303631397 -145.15635125992156 -289.0411795009726
65 2512.9662792682648 63324215.05326044 -0.5726922644676655 -96.90832365355205 136.92866793393787 70.63219113416497 54.510110167051444 -12.046245465385084 34.53527236812397 -117.1126121647963 -119.32868318958054
66 2549.9610085487366 50923845.13604585 -0.2988057270370952 -29.764211451165604 -18.862535941427268 25.108822362594765 26.608574711677186 -31.751539883388773 -14.6716595929621 -147.827850373891 -293.57031291073315
67 2591.9852483272552 58331449.78721465 -32.18719851663651 -10.061325377889801 79.98495137488075 80.77038681373178 190.30132838090248 13.583656983704714 142.77710055929902 -112.30090981145094 -280.55646045985736
68 2628.419433116913 51762619.35781315 -0.08985248082090536 -3.492365729901018 -9.031707288913587 10.936389935189084 2.818544756811457 -3.340412271990374 -5.645062277017246 -125.91476357912461 -288.03629583197176
69 2662.216856479645 51217647.064817935 -0.0635432761401109 -0.7005935939608303 -18.083260846891363 42.50355088059813 55.56106245307807 -9.252490812378483 -9.117093404335037 -130.8129210562953 -293.17282326766406
70 2704.3004071712494 57373012.58937933 -29.657661420579554 -50.878676297482016 127.6681154346996 89.5826146158885 148.71655069427467 -12.387570399121387 78.59215075589066 -128.5186083497652 -244.3020953389654
71 2739.4236268997192 51803737.31552251 -1.2587566458340405 -0.018296671572819445 -10.600006950470465 -17.69871611892053 1.7244284612221445 -1.458701562824217 0.09953075653760379 -124.77547610332505 -290.827268742247
72 2774.4641950130463 51547772.25569741 -0.22358253918336146 -0.7849976215923995 -13.90051082788544 -19.177346919361455 -0.6488704161705918 -4.785785611225094 -4.9238223020340115 -127.32129983953763 -291.3584941245783
73 2809.6271080970764 52263901.36060392 -14.840053567588235 -14.703937591593336 -4.453238864677601 49.577471853418686 114.43396693461592 -7.399661146810956 26.646468196502042 -129.72583648884302 -296.1256948924344
74 2845.173506975174 54535902.26720666 -2.2385056783974093 -14.614280864798676 21.98842515884266 85.30019384464146 163.23131228911853 13.49736253860408 43.61997253096638 -112.43555164898413 -279.68365272349365
75 2884.7787919044495 53004426.98098402 -13.483520712501118 -62.587552549986455 7.931334989222798 82.0104988112186 162.4393253002237 -33.08005184038302 38.69415875623429 -149.13983612581126 -296.7108427011955
76 2921.606175661087 51963688.3801386 -1.2537223039303935 -20.233294556144756 -12.786839447491573 46.318284348828314 109.40316169686974 -25.271520588649707 14.054816891405267 -143.3148921243245 -297.7271319556898
77 2958.1752717494965 51392058.701781005 -0.9301571295810263 -51.83797871019688 -14.53179682810785 44.25264334121661 54.758922447325105 -38.74022450800362 -9.430013944914208 -152.76463506704278 -289.6600308411139
78 2996.922132253647 52863540.568637 -33.76701414288543 -67.37501511892887 17.649273358811726 114.503576152347 214.22520758562393 -42.47244179161686 46.976612772657404 -155.90707697973397 -294.6966879109277
79 3035.252962589264 53518091.699565485 -30.179531091880627 -81.98001023077512 22.929993725459596 116.91612131278607 215.17528617414388 -33.03249679427955 53.33257543436025 -148.79934580461583 -293.70954253092293
80 3069.636545419693 51453582.53412667 -0.034274267761789545 -4.136770863394789 -14.603179048720804 -2.3914931552543948 24.48237042964814 -7.252258692175246 -7.361486363895324 -129.1858174757994 -290.97055491509855
81 3113.021381855011 58226485.8887322 -9.707206896722123 -33.77124548851084 122.01063416376203 57.23526706117109 126.6180501545302 -16.023363429072845 81.92064062848112 -130.77074811009658 -238.50919272192482
82 3157.122917175293 56839561.159972824 -16.779192978248442 -18.867778028549477 51.89602896134192 74.68836479685369 181.1578073684874 -14.418015922500558 104.52354839219538 -133.27755745006198 -279.0609342717005
83 3200.556263446808 56955518.29144924 -7.945615909468128 -8.379706905821156 47.0440463453219 45.76954204313749 177.2305768255899 -14.587573885880033 99.81272456589545 -133.13113926877122 -276.52086502640987
84 3236.253130197525 51385911.71791422 -0.04612770605026739 -0.6235257056886798 -15.609302027976867 -20.24558736433667 -2.05027610670915 -6.334447777081834 -6.7481380189593665 -128.6895197381973 -292.45398157907624
85 3272.265664577484 54677054.1472848 -85.48065177898134 -101.08432800537328 96.68511737416867 138.80419528114112 181.05078631881656 -21.54625791146327 69.03891770301823 -137.2167505061347 -261.5642521130129
86 3307.813183784485 51516402.92852198 -0.32489073819502323 -1.2795160386661713 -12.61961103872406 9.844529305984118 3.023894105571994 -4.8269427871611015 -6.47033020171483 -127.41690551681535 -290.9839138794
87 3343.2931368350983 51459551.87327378 -0.1879862803559771 -3.0572935353654898 -15.138714649774435 -20.42169592098267 -2.7399774251461704 -7.122819812873843 -7.14830860983534 -129.01924430193907 -290.7623265294833
88 3378.7571651935577 57709624.92259857 -189.31483134261165 -178.06121292939798 154.74945865142976 239.60437679418317 402.0119589984475 -13.97155216804623 223.62405549401035 -134.2413318045705 -291.05851508902606
89 3425.449033975601 111566010.2911964 -151.791853428093 -265.8263795861894 1981.454465793937 353.03213307492 710.2525293290352 415.0984552650824 1217.220893912211 192.57455933774486 -257.1348042893335
90 3462.8718223571777 51459457.1037919 -0.5029856180261447 -0.7459040982064908 -15.72695173947239 -2.6566689479129906 26.045229763855552 -5.720329992841073 -4.302999228669705 -128.19548606882285 -292.64307171757633
91 3498.200209379196 51264150.45553254 -14.69707497340462 -19.074296031597196 -10.820239215863758 74.45222340076373 105.1206582270977 -15.804163354940044 -1.4365864812710356 -135.66594641064336 -291.7314345859653
92 3534.8909940719604 51426585.903604776 -0.8747391080387779 -32.821579750651686 -13.25989011739177 28.281374234735026 30.064110095618233 -26.213829131425086 -9.081708454000648 -143.34771118128083 -289.86832753001624
93 3580.384955406189 98897664.73748103 -241.3668037403114 -322.45310951044036 752.1925975811738 437.0823069806954 595.9011925518884 198.108756461265 741.4446111323161 51.844480717826286 -4.263397945473457
94 3641.795799255371 122753138.71909453 -248.3829671568045 -237.62835222689918 1328.7604581374637 402.0941538281975 721.2830819807784 572.9301646670178 1538.518959953819 307.68732804241847 -300.2526536854978
95 3679.7660009860992 50791509.28320578 -2.0587483054871285 -40.336059722571775 -28.78322476138476 -18.28218210141516 47.74834768063255 -44.36282730744824 -7.349706975398703 -157.77968362494966 -298.18949564078605
96 3714.1079227924347 51487139.08669485 -0.7958100975602989 -0.4743804012237747 -10.940817359423363 10.513613559784162 3.34295039567656 -5.235589580643534 -6.2339222636953195 -127.7163405709232 -291.8587678613199
97 3755.760781288147 55400730.32492069 -6.550940099129095 -15.614273503828114 23.73113236844503 79.73785854326664 195.0562231374617 -26.267277322572568 76.73898431336511 -142.87128627515563 -283.80433436291617
98 3794.439542531967 59653428.68853811 -1.5547860876338664 -101.00853331313395 110.7835132325075 71.5543572615578 55.534410816655445 -24.329203305029978 20.324983085776125 -131.39525689994076 -173.50646181835987
99 3861.836723804474 145101903.97839558 -174.46149042638345 -351.45135267541025 2902.9922343244425 494.51186322711993 614.3986813914929 526.1383364723436 1411.2259612167313 315.1679954089352 171.198577816161
100 3903.787086248398 61285518.39464923 -0.9477675907681355 -113.05529628788413 113.43302918517415 149.0939791423486 200.01076449892489 -0.8754941828293568 105.28001757922914 -118.01019286485172 -221.97796703190545
101 3945.8416566848755 62138219.6680692 -4.665614960883161 -116.91511393841368 121.13687871068036 107.22043280096598 123.39978485560579 -15.686153141603882 68.04159687331321 -124.43850041980556 -169.1282650022343
102 3983.5424637794495 51848577.77203325 -3.06888817702678 -39.662489234307515 -13.733216204155589 -0.2140405849795144 32.24182730351317 -29.043842690313397 6.392034239307122 -145.77297398820264 -292.5131596296559
103 4045.286145925522 152801929.56263644 -305.80621340038266 -390.9521440962167 13188.780414279443 670.8072897516961 711.2970328986813 572.0638194544858 1525.393711889182 360.04671546722693 284.22856809613745
104 4085.8790967464447 55019813.64099656 -10.984508580214053 -72.7502388501793 44.00256494469916 84.32733498093982 151.32359873947217 -17.95725210460199 56.482293352356464 -136.23980982206967 -281.8415451992463
105 4123.911319971085 51448820.81403491 -0.42122898459303215 -52.43796751883709 -20.398746706909165 14.363209938437883 55.86101863029441 -42.48655358795094 0.5046314359483404 -156.14050438482604 -294.97033847801924
106 4163.06396651268 51181684.269755565 -2.109496763839184 -45.27678177663114 -25.451410351349303 -16.04334606849244 52.958956242885044 -44.59254118726335 2.2701766522770868 -157.99564283631588 -298.9402934578297
107 4219.725124597549 141330517.01841176 -177.988151295526 -316.8797695690092 1709.3112195929118 439.8906715631019 543.657372493597 518.4795708948262 1347.2508089880944 311.6675282756712 155.39192056108197
108 4259.333274364471 51989242.69403591 -5.228224484191454 -31.499288893620417 -21.04122455163295 13.623213137675009 109.41015331809311 -41.419548946408554 25.85001331793569 -155.6942317799058 -300.02023948865326
109 4294.45365858078 51964857.49072018 -9.21940747427546 -5.7547504346403215 -0.0501090857491846 61.99233864981137 84.28123824896775 -2.6433801940844432 8.923742351157955 -125.72603109226702 -292.8279629334462
110 4332.006068706512 51706707.4924935 -2.5402730184472055 -28.395016768184366 -11.96481493079051 47.49299555119128 107.49197913175439 -28.455592333256845 6.940826612893943 -145.65843937088704 -296.60367890110297
111 4371.291155099869 51426605.350723825 -1.0813161472736326 -34.5876314180745 -29.3359468656329 10.46794103996757 102.8786686223776 -49.297598958289086 10.885368164524607 -161.63963720717732 -299.36277797681583
112 4409.3774790763855 50812200.35609822 -2.972047525869046 -16.252319202564784 -38.83464285536764 -5.249251241515168 80.13729724229711 -47.482161908873934 1.5994376581826373 -160.30679941192471 -299.06671376627855
113 4453.421392202377 120676440.18329221 -292.25322424548773 -368.47960907313944 4518.414384707426 563.8177986302186 689.9069217606138 337.62113531059344 1038.6372355862331 170.01814770812928 135.45386139315872
114 4490.085765361786 51415844.60024698 -0.3563528552047295 -3.8894396665164903 -15.105207288413737 -20.43242267868301 -2.974016604308492 -7.645017383181198 -7.604259606327105 -129.47418967446066 -291.14224719641356
115 4527.220153808594 67580067.49129537 -29.598545500245535 -94.86961734370821 380.38076759186714 108.60850489583898 128.3545125256571 9.541827516416902 99.29755295340078 -96.61618410416861 -71.78966880133703
116 4590.223167896271 108912927.36581251 -153.845823256561 -257.18025481100915 1818.2756581478584 390.80850645541244 627.2415581459101 348.3556230249188 1038.3898448374516 153.69947901332262 -134.31060296259932
117 4630.669633388519 83270477.74747153 -35.23168722962424 -142.8677698710533 646.2429894942736 208.73177543754764 238.34612411243378 39.721828925861814 189.9886238903739 -56.272811472285184 121.60145920063951
118 4663.044907569885 55502992.38017671 -83.73399828162525 -15.242689559261274 42.40601992352022 102.80433996920392 292.7679013916265 -11.874273867878117 148.8416112116845 -132.00195156123868 -283.13198598600343
119 4704.688278675079 53797571.45527877 -6.205462415937953 -49.721806133578816 13.501997753283007 82.99565013086499 167.61351376670413 -42.40828372180283 46.86045181190059 -155.44922653060917 -290.276584560028
120 4739.8622324466705 55764358.92220278 -102.82984348666089 -103.62360326070817 88.66326698900161 167.60225263155786 244.88824912493118 -1.816374440999141 121.72561279416448 -124.10349438542568 -279.7505187831895
121 4775.261988162994 51399335.90959586 -0.034644993580212 -0.15417858234405024 -15.78518893546314 -20.16004489369911 -1.7731760640787861 -6.272861740857479 -6.689115615155174 -128.56022704364506 -292.36513401374657
122 4815.437748193741 58234187.73179676 -132.84017511655975 -173.44413152105466 160.09652120110775 219.4315771436793 306.31307675563323 -23.367441936605303 155.76946551809306 -137.7670809397461 -253.70365993132637
123 4850.42290353775 51258715.84571993 -0.06326335315520559 -4.806136998480479 -18.09215873086154 13.889522225556412 51.246933398217465 -10.956960136744215 -8.57618867816359 -132.12483143990158 -293.0793586983395
124 4888.810940980911 52670294.97053776 -33.72978189410321 -42.46210045944055 1.162931641694179 79.40356354581476 213.5168409366148 -27.59384548754764 54.8824984932952 -145.26177408268228 -298.92084672403803
125 4926.464642286301 51675270.941007406 -0.45281153282897435 -39.2085640283773 -14.997834505739824 -0.8984247823196654 29.42440558003488 -29.616095044524513 0.39236038636965986 -146.12802541911702 -292.2086246881592
126 4965.529064655304 51740058.316790864 -3.156749705145341 -52.485794624072796 -19.929796050986496 14.544428079141312 104.56786468426249 -47.299804039929995 16.347229591588075 -160.16542761435477 -300.06069262909637
127 5003.941078662872 50939207.377393775 -3.371280452647321 -10.528367301442254 -36.65310408319655 -39.099191531402965 28.03424354952362 -43.38909979153544 3.8036709105301725 -157.07574437517394 -298.875788839441
128 5056.824249505997 147633912.20582712 -219.84983282377428 -322.3201857123415 6813.872768850779 566.9868389721034 602.1140183413548 536.2687648357148 1358.142684388418 334.44069174824415 299.9953850447531
129 5110.0564131736755 91386503.67827684 -39.223682695805806 -91.18906280891643 515.9852296325125 177.33316555895604 293.9543063805576 317.79596059829703 728.8205585186054 121.13133774703635 -236.10901850687156
130 5148.071404933929 50844722.889687836 -0.36581553183470383 -12.528893519345303 -37.399313248205466 -38.81233405977632 26.505645167120953 -41.79035070529312 -0.4713369363361153 -155.9133994609051 -299.4493159314219
131 5206.197252988815 147670141.18996423 -101.303716802428 -250.0260560607953 2280.8817945272963 377.7596712041313 663.2121862747517 564.5590024907358 1492.9410125332831 341.27280435713885 139.79248731461144
132 5260.441237926483 131904937.03252432 -179.1888430561101 -292.57796128138244 1699.2918228606777 384.1111797228748 552.2554243660953 477.73361869697817 1273.7178406377952 269.3462625783791 66.95806020210921
133 5310.488193035126 109243163.6006744 -118.0256062072508 -262.8810443433699 960.5292728445614 326.19876618619065 501.9289003673919 293.84350477608143 889.475867741586 122.85797678573783 -17.605939446299033
134 5381.631958961487 156350845.73910633 -201.97946085160243 -363.2131445011781 3090.178776119216 561.1501096507578 711.1437191136508 569.3495145371937 1507.7886160205142 362.6585617596537 310.10200310770585
135 5429.132635116577 109683438.224713 -108.42603318640793 -241.26368332857655 6957.4598669016805 352.05090926006346 303.1999895160849 264.3200806258767 716.6441597869243 114.67417277162372 136.48647658444008
136 5495.478524446487 113685424.43902144 -6.760808733608737 -214.0043462507584 1056.3788610070653 320.02734254376986 523.9328038854 442.91902886950913 1172.1703560993603 212.2811298778737 -270.5540821710295
137 5533.939959049225 52345311.82007854 -4.947583279937492 -32.393956941698676 -15.937264348040138 75.90456362748228 205.69194041014896 -27.805018399102437 27.51482829070585 -145.18285240302555 -297.7188704060678
138 5578.389177083969 54403781.809884585 -1.7196934385560283 -106.25294753904281 44.06943488623436 111.35259409722437 144.71956139505124 -49.86064256636922 29.70911715219222 -159.61137101718714 -274.000409395836
139 5616.078987598419 50786694.47074746 -0.05938833564683321 -13.427389913468435 -37.96780164782878 -39.31807465828295 25.702726607368433 -42.99469867704289 -1.4209492700790065 -156.83790392893803 -299.8680902582633
140 5654.306036949158 51048474.515449405 -2.3488599078163457 -29.833607398952804 -29.425694052752327 -6.772942158922774 72.7575241408386 -43.21479987984458 2.421035144630423 -157.07087993307027 -299.96953474916495
141 5714.214579820633 143200927.42168352 -208.13841174419085 -356.9097354102955 3874.268927656025 551.3238395888039 682.998560561571 516.1298492289691 1389.424873981228 307.92434942048214 174.56058923742114
142 5768.467856884003 148971598.771331 -319.41825294983414 -398.93180222463525 2556.1453252777733 565.503361160304 715.023716733399 567.7468215502856 1552.095287473407 348.28840386065883 189.55866189606786
143 5807.807542562485 51731163.42108137 -0.25677375345051345 -38.2987635207233 -15.26449409734441 -0.9086497933778332 30.301004865867036 -29.123711807179518 2.1382133680807556 -145.8249615893202 -292.5446164969002
144 5857.34593629837 120882946.18038276 -224.46813640600485 -338.40509822707617 2084.0419891089355 431.4360695050275 636.2403490844101 330.45576017789654 1036.8565965566715 162.4831647694109 114.18907568103236
145 5894.382519245148 50848375.804334335 -0.12459423740120279 -12.042104832471146 -37.96205275669325 -39.17994835267815 26.38120964013128 -42.230880620648406 -0.22785764694566524 -156.22613438960582 -299.494927023167
146 5954.230878829956 138059944.0516893 -313.9206392594907 -401.7276148939198 6550.293470558382 602.6967785374214 709.2919160453459 489.0528656458978 1391.6611404046603 283.87937127201633 133.94797754753154
147 6016.552811861038 154058204.1453241 -288.7168013050813 -404.5678308186119 8199.619735653563 643.251509501437 732.1919167932193 608.8723959136848 1624.7578070344462 380.42199159177414 193.7836886389174
148 6063.454281806946 97602348.6706357 -190.64624376331733 -242.86126789389772 1355.5236526729607 366.9532149308269 657.0083878824422 290.36091141556665 944.4166843205064 100.50555565337504 -234.5770325006897
149 6100.161600351334 52135648.97377427 -1.709660403826616 -26.941988788853436 7.315409823050977 4.559331044880921 31.8003984002979 -34.96204347281747 0.8446807770234273 -149.31749881686812 -283.51282493946934
150 6137.829245567322 50699139.39247375 -1.138196004099278 -26.703042994003766 -32.87852184472268 -36.540739838542024 23.93751261321994 -41.13801208596078 -5.27900442226769 -155.4995930095276 -300.40420732777
151 6175.282358407974 105124616.32443069 -280.40630729691964 -281.5539943055198 984.4873968641641 396.7241672279589 508.0958110784486 268.9335561116683 826.428554094929 111.18897475485892 63.240904631017656
152 6243.879054307938 152972453.30843267 -133.19704823191339 -347.4575018645996 5195.143078298604 558.1620169349388 561.2529088354011 545.8451215327207 1399.397792452504 345.91873369752 302.1103152113436
153 6290.5391726493835 129439065.01304626 -300.9930568744114 -373.629554863736 3221.300987312364 527.6623996365928 615.1896636625179 349.6195948595689 1068.8575816628966 192.78142585291823 287.2371206244552
154 6350.821465969086 114888359.39512405 -73.00758523962168 -286.8699890972735 833.656326830688 348.62002182904877 414.13844430103 292.26488778795647 863.6375905162276 131.3732488117182 69.58603697776778
155 6416.157538890839 177364241.65076166 -347.0085065450478 -423.6532392367839 5572.641682851914 704.6640327036072 845.927830696083 787.2949146167816 2008.844781964231 523.8408438033022 301.17359761631155
156 6481.298664093018 126899368.28995818 -89.37557278690147 -286.1679920919667 1686.6907687743037 420.52459291370354 596.3324027745726 457.40140407660135 1257.6974977399939 247.06505209651152 -52.08564006410546
157 6535.679722309113 144962365.57806838 -237.7468638936088 -332.80079441390313 2081.0001984415267 453.768845996506 639.5346611865847 568.2797735375659 1493.7231110322061 342.85984990664065 125.51425318889335
158 6591.529425144196 128575213.27947998 -204.47785642717233 -222.29624960179117 2294.34620917389 391.75361748184207 788.9819795799235 614.1498215906213 1634.2604210110458 338.61458727744287 -300.23105612821325
159 6638.1692452430725 94953306.55110726 -72.78147172510094 -218.40562099545448 703.3750587279109 286.8047609100095 373.7801323795938 80.65858097142245 363.7901338414423 -18.15978629881357 199.09609835846197
160 6690.8781208992 102735637.80880463 -212.82201396647102 -283.7622521180484 1552.0784831380709 360.02674652917074 613.7256499989952 302.1805342846361 959.7327547976486 117.63396774820023 -144.71429225037883
161 6752.850998878479 154585040.71876213 -316.080622168797 -399.51098793407374 5485.362271040625 620.1013488522246 715.4616439600574 591.4325112205502 1578.629283428459 373.56095795716624 270.72946139387034
162 6803.021118879318 88379019.6961359 -32.12164811483744 -199.179016586075 920.8699029109422 246.49026448011836 400.9045719020691 216.01613977352758 684.995840666317 42.58977511895807 -255.24180828331
163 6868.23495721817 161565748.24372694 -242.38684045448213 -340.5832119758486 3153.0202380280284 524.9183903770232 693.6977546687016 700.6369088272183 1742.4115256763912 449.4340596226418 195.29842727316213
164 6921.204753875732 128015461.75003366 -253.99841322512512 -343.94291093860613 1205.774477420042 419.5887925259483 585.5569727845941 368.67229781379774 1103.216932106618 198.94564949205244 197.5046940267273
165 6960.562324047089 50804787.916886374 -0.5111809066343067 -21.591045104781642 -32.39562301070072 -36.40158375427404 24.88575148077655 -39.65896261880306 -3.6179248946631333 -154.41184339358716 -300.1883881042257
166 7020.402766704559 92803248.52999195 -31.066114599996865 -222.77580015912437 543.9438733851769 269.197523310577 382.3796059605229 247.09347887564854 743.8530436624008 68.83999035097054 -238.52318618975005
167 7083.386869430542 144699482.9600816 -308.34616778263444 -407.01440670753544 14508.745656922707 673.4855616158122 711.6675070429674 504.8066125023706 1408.8243418418688 305.61582498755627 242.26771257751807
168 7135.515247106552 106055845.50320682 -20.18246281355062 -172.6549669242284 1345.5227720661708 335.30272305401365 565.3435714258776 293.7188995053582 886.5245454926755 115.15826323752981 -102.52501633707647
169 7204.62952041626 148628438.5348659 -201.04911142329564 -371.7905665654306 9234.809486510829 613.9500390769202 758.493111931707 579.7250449095964 1539.5577109578126 352.3746492823042 123.66151637816097
170 7243.399161577225 51080351.00086578 -2.027919199050995 -34.309794359802325 -30.1299134253886 -17.10997145636118 55.83253755748574 -46.161089204966345 3.6227890644873355 -159.26344903491412 -300.11232264683906
171 7299.327553510666 155960417.67982745 -86.48849401269726 -195.19113603445646 10445.385934122152 463.40636567677615 638.1153885992989 665.6840463187502 1649.8868595711256 418.5328463861604 150.89579529008438
172 7357.936609983444 104467541.42266922 -120.68793763882906 -260.7825288684346 715.3893535377977 304.25495699080665 527.5021728240671 338.68507909453865 992.6974526527783 139.79976977067997 -203.57376777189734
173 7415.539883852005 156862816.63275337 -350.33537621442855 -421.5885213065138 8436.24623532942 669.2653118526189 766.7262299643163 633.3027882781591 1691.945606796639 400.21570260187536 219.44194849679548
174 7473.43577003479 112578053.22231531 -143.34084677219684 -250.7241424957431 1462.963648158635 400.9533699996897 554.7264199533648 375.8586213181742 1011.2824298146647 180.4790549661692 -64.03115438238689
175 7517.008775949478 86164121.24542971 -165.0749825618219 -280.6471498521766 537.949521041998 337.51293733151556 475.16468949710384 144.32822165905964 592.243229304421 2.560978338519135 -144.6880174251798
176 7573.825804948807 116594784.31233984 -173.14948856949906 -242.14673910021486 1503.3102957671051 402.3113088160554 620.0055619651158 475.78472392474464 1240.2084880883747 244.57943146389857 -186.46098102907615
177 7640.4378452301025 148866548.56895405 -244.86985052034592 -367.1417708939274 5607.126102475176 527.3932207066905 630.4235859932426 604.0877809045539 1580.7622967178545 372.5114356470889 112.27309215737546
178 7697.343794822693 140113095.70835787 -288.09205872036836 -351.5137416545235 1835.699753448699 486.3123583655047 724.4634245432654 516.1681173995574 1443.6803957116779 303.3037408768424 122.21312700970691
179 7752.382672786713 124836215.93798093 -125.49062841305272 -312.3859656012777 2938.2960805443827 432.049669256207 542.3739566018734 366.0165891891164 1036.0834014326122 192.79255740966653 119.1003970553661
180 7825.466906547546 131321144.13588732 -203.06465025090282 -210.03765088200458 1207.9525388699035 422.242485071667 709.4935057564566 628.593689112713 1628.3444493406218 354.31209926885083 -258.95164680226117
181 7883.528554201126 79541421.03103472 -81.9167697781875 -229.92079516905142 521.4189045257805 342.0158844257838 415.0663721457745 95.98633589791928 451.50788386073987 -37.598131837192625 -173.2392697342592
182 7943.449499130249 110761433.06979069 -4.955316023541371 -183.4567769397636 841.1767944289595 298.15289157628706 301.0854593374909 285.3964307924217 691.7746617897863 131.09859847136 121.34320688537514
183 7993.837826967239 143881832.60699034 -271.86778296986347 -354.17063674646494 2690.435916137457 516.4588095703076 742.6998132215349 517.1420497108372 1422.2737030184303 310.87496461568037 197.07107217018802
184 8047.368848085403 140790850.06476265 -291.82048302948664 -377.45355455952443 5323.261764065064 575.6949079126626 631.0605757532619 451.0575168369835 1268.2518494142882 270.2965358884144 301.7453620792187
185 8106.449084043503 141791224.16746712 -132.39986521905888 -207.06189807824774 5519.058049043631 514.1963067130059 519.8763612956168 530.1217426918727 1194.2294046277523 329.95909372771393 299.74757736185916
186 8171.81179189682 127568035.29979129 -68.49767793363472 -133.95059376121674 1955.918806346858 359.1496186192018 574.4308888085662 643.1704711636353 1471.1547762737434 363.88961842510605 -262.6349568649842
187 8227.601585149765 137189027.70981747 -233.86605852747383 -306.22747420701705 2236.104407652356 448.15577186806735 609.4845169636884 505.43291659852525 1329.1444384811875 296.2447705938371 135.41723738104054
188 8278.097899913788 124455776.1471464 -246.67026722228158 -343.65298581668014 4427.3448168545965 495.6648982632462 551.3181564055608 348.671340116328 1023.130766988646 184.13439432609243 200.5814662803042
189 8320.497200489044 115150985.68190144 -273.4489435034195 -349.99445670582804 1994.4293904855704 444.0598997916516 499.28728346009143 210.03317909033433 759.8948310331741 88.89791265291365 305.45678014566715
190 8377.758579015732 154258403.34442538 -286.09597028140047 -393.31231917359224 4751.1377792004005 582.3998760311001 714.1272974441142 630.8246794493168 1673.3662726633606 392.2075145853721 151.05850078986225
191 8424.532270669937 111350603.6636517 -222.27132581149104 -255.47882630510856 1116.469740663632 378.7282901807141 462.55151742124434 294.88716191573394 831.9152057905753 137.97294392099423 138.83976744262804
192 8481.043015003204 146175198.47111365 -347.0571465275588 -391.0706280043317 2113.428834407566 561.4454639189094 754.991725095314 557.2453099100223 1541.820720938308 338.72182576771763 174.27316680692672
193 8547.509555339813 144003648.9706841 -20.254476444484318 -244.80224940353443 2519.782224843166 375.414758565348 583.6541745210801 549.4845446794322 1350.4263780701608 328.232514150921 121.21720725162311
194 8592.263850212097 112288036.96278098 -199.35811997192832 -214.443260052714 1366.031156411218 372.90175681467645 660.1343125320471 423.063680792265 1195.8023168494626 204.39782811529358 -192.83971980400776
195 8633.756506204605 50859923.666011654 -0.6714368074159083 -20.250593374380145 -32.65187830786775 -36.16338565328935 26.197064264956822 -38.56556090115447 -1.7792279127314714 -153.59922052415328 -300.2951332861606
196 8686.088500976562 84408079.82301179 -152.06786682015945 -265.5122859200206 565.062749616276 344.83525556600483 445.1070474067625 155.1828802913377 614.1247717283773 4.857848209177064 -199.1778671452396
197 8738.669455766678 127902949.90680452 -200.54469936719775 -313.47438233587013 5331.645307728716 462.3252315232326 510.38963355490233 420.0474956022899 1138.684564970058 230.99792318865866 124.40455351527953
198 8781.905993700027 51561139.371117786 -0.20339371641590986 -38.95490127186181 -26.156805738737766 -15.456737247431121 59.74446172132703 -46.943061992504 13.002474721964177 -159.87848647221398 -300.3333496679392
199 8835.089981555939 112833029.5447878 -181.36792856872472 -200.06723004873967 1400.992103924559 396.4496993783972 480.2049321000721 380.3046913088996 933.1836828839344 194.0235269500721 46.28663222014529
200 8893.632075071335 141159789.3735143 -148.91231545669527 -333.7020614162165 7146.24376981541 535.5839362997907 678.8592301357996 518.3018212154979 1380.3659430058863 303.87557829679065 112.5554762029517
201 8953.027204275131 105528304.89680415 -31.180142373894466 -243.4242514858335 3368.818753179772 334.56272968693406 513.9247273517465 165.23133680864032 641.3078827310042 38.66212704839347 123.25276810182356
202 9028.569781303406 137497953.6944662 -57.1869636802943 -292.10640186380334 3575.8060225820063 396.24091118465157 410.20094370302553 487.3065161459425 1238.042372047492 284.6159652504218 121.81168845763762
203 9073.63719701767 123513913.78017719 -315.2090913831017 -367.9085220269399 1465.9751429246703 494.2796912605178 633.2655233491179 320.6784300446162 1020.9757049676673 165.30346505778755 227.73976613978948
204 9112.306787967682 53573751.15062147 -1.6388490363984953 -65.11410617346134 7.113991199367938 63.15066112198104 126.48350138653626 -31.870020693437482 16.49225995738118 -146.0196936855648 -272.16147345809054
