1 93.01429414749146 279849681.85824996 -16.427444286515314 -46.29739597847818 -27.59513816025769 -4.081254431804837 -0.0010477812615921067 -9.783691184953625 -16.880920008361898 -4.326036359129262 -227.34919267063725
2 198.99292922019958 653647086.3935707 -225.95673831338456 -242.55385878849086 2091.306506018828 623.1231807896739 584.6070670443728 502.5055626653269 1312.8198919337235 764.4896353459824 158.94871696758946
3 298.57891845703125 715194488.1035497 -102.07946976169407 -215.12767194100925 2240.1650446749627 591.674562508473 525.147045393881 616.1322421451216 1491.6048219490785 823.3265425676252 252.78927162028413
4 389.6288483142853 675542402.5921986 -211.29800977377366 -294.1378992745066 1173.4155872304218 540.9414392592695 464.44309677834224 417.2859869170112 1145.970200090407 752.824527830682 243.00603455210626
5 477.20205211639404 593911280.165325 -137.35475801020561 -243.69876844275507 1072.5826378201157 452.8446299463941 416.803762097148 323.2904368201197 919.8065372680217 577.634198567984 99.86098526527132
6 562.2781219482422 648259285.8083357 -121.92532095770966 -189.14586085236596 1519.2057269593192 516.8020858914218 374.9804686297443 423.4333559149437 1012.5621694897543 643.6924048774481 236.97065081249275
7 653.1635408401489 445005421.75606555 -188.58415070738224 -245.54710170930997 1682.3628172236795 512.547411449482 480.93011149570145 272.0254094612724 821.2375479993079 370.1943591537341 -156.89692613813867
8 751.1751539707184 749369236.5518124 -28.19475933306869 -165.97550890434948 2467.963225041727 539.9572183417586 422.1813068010811 603.5601035100817 1418.0927639624554 871.4195721662979 315.68951312102104
9 841.9183902740479 698392107.4066007 -153.09094873038956 -186.68306002244552 1738.2508661594427 602.1425782645167 552.5572389015349 488.43048186625015 1252.0081932371859 788.4495020284553 220.74263019015063
10 926.7605831623077 751852261.6688379 -314.42163031915925 -340.91482239961397 8142.2793429069225 781.3701772022891 719.7239431377627 709.4272814509561 1816.1535435769283 983.1577799888541 320.4865121293576
11 1011.3970532417297 423173758.06827277 -140.92307484778888 -197.0335277473333 990.7448250997235 526.2387420427376 423.4458701590318 306.6351893826766 798.2450092869128 285.3970705050691 -143.5700315788598
12 1106.5416932106018 718887960.2791414 -3.1951930131914157 -199.14848074527225 1125.7219218123873 410.1460541858746 375.8352348445478 427.155980651757 1058.0210748099696 700.1839354156521 138.11071213579487
13 1193.7134175300598 766016157.5892752 -183.6114510754275 -260.4541495825885 1495.1990582902954 581.7900025661081 496.8145841387947 507.9293953482893 1299.989032084202 854.9644756867644 384.8759930231944
14 1286.399574995041 769015154.8980602 -220.50043081507368 -297.4917860928624 2589.122491459482 640.5569059719235 591.3833990318989 667.9824149310377 1666.1769602945965 966.0855897378672 342.86499398502394
15 1372.7809703350067 360570871.908112 -28.032166390505445 -14.17745348758009 408.1977323482512 303.6190004853652 252.7396676997241 182.14315095142615 318.6465984363025 199.3396790858253 -163.05693326749935
16 1465.9247584342957 411629110.2826394 -106.0500381038529 -225.80208483811194 1467.9663789049366 576.487744226519 480.2810718528755 368.91675006628395 966.9399905352132 294.01209165426917 -144.1498575021132
17 1561.8730318546295 677107826.5402787 -92.34133972114981 -230.2865808653618 1731.6354813605074 561.0538943743924 526.4253943438267 496.8506859666452 1267.6872891227931 662.9626850272982 124.99952474892348
18 1655.8573100566864 620922020.9136766 -23.957698587838017 -58.17932084535206 2168.038596200032 459.3351652771854 423.36287251343595 451.7191575432453 1027.8060734624737 641.4501748940104 231.5742612247377
19 1746.4268701076508 735022452.7807251 -199.89204980346184 -221.27663462063754 2932.5327864543756 582.3948852494013 554.1901722495913 459.3021964281827 1161.8077435620874 895.3714766572009 378.6501867051795
20 1838.1429605484009 623800043.7775027 -211.97362718910352 -316.8865316932539 5034.67979951016 605.2871457706028 493.53472813494363 438.13686901170365 1211.9474311449721 658.9017737005788 145.19658330796528
21 1934.6359422206879 731626165.6604083 -140.02050300706955 -241.96303678914717 1967.8490920942916 553.9524364463657 450.0136159570081 447.31680653975434 1119.6700280555422 877.4726245508207 295.43207124706225
22 2032.8191306591034 772130078.9686533 -175.47905186299946 -294.38305168970226 3119.9830451324556 710.0511595750417 605.331696434455 657.1837225269646 1620.1289856686112 983.4636946585861 353.1877371526282
23 2126.496871471405 507777764.4711412 -185.34263211678677 -210.96440966270563 1653.1458709690544 663.3817143556246 572.5237612607735 479.66839393460805 1179.0633665253001 440.16485154703037 -23.78302367995491
24 2216.034260749817 488036289.5575668 -156.71021082456912 -237.94136812132712 898.4327251537086 452.47578335659006 390.7628283615084 252.77838074819965 741.4123375915694 426.2534175595721 5.413146952418231
25 2313.8853855133057 803684544.9917034 -192.33732032745834 -89.47113179421265 5444.024417671762 747.6367157863672 678.991993419495 606.4461703629895 1426.1193800990566 1056.5151364403116 435.6442732764043
26 2415.0142397880554 755055258.7184298 -199.58307384534905 -273.15978513700713 2063.161582563793 718.17575255518 606.782266807588 610.5553558953643 1502.1475367375801 909.9684881536773 299.3241914198612
27 2508.0570306777954 632218589.49282 -46.34047708685595 -83.286922381909 5254.043685835926 470.9932414870909 484.1855115448577 372.66846102946386 849.8416005747663 675.6815866981963 257.9265742582958
28 2602.7830667495728 419585242.438007 -56.7042494256083 -217.84715523054987 949.8424270800743 444.4083947348703 360.02311590853725 299.765453435543 811.5177067407201 307.8926547808027 -119.52487252058307
29 2692.9088881015778 473816144.4550328 -160.27008773241758 -186.97815817386876 1442.4477183387185 430.50635387640375 396.84446709802654 363.49386806534096 909.2651223530659 462.7089937668277 -59.817433581343835
30 2784.9367220401764 755385952.654996 -0.26093883569769893 -126.7969383141868 6847.243698811758 615.971748873007 536.1179700595137 591.2715054949415 1419.6687319355592 730.4986754033532 254.4801091429099
31 2864.925446510315 280512468.6878522 -28.68088024306119 -60.25928113445547 -29.35241727009396 29.856303525099598 23.3733191983601 -21.833189691762527 -25.44498951784243 -4.703019864276769 -227.18495383180664
32 2948.7353172302246 279930657.88120455 -28.7339636968293 -57.508671987216296 -22.959336570417136 48.6956654111023 57.60457219476572 -14.88641663981889 -12.830122194502962 -3.7680910868616593 -226.8227892780056
33 3029.779363155365 283737332.06504977 -9.16271449338289 -24.803099506441498 -42.10366444482072 27.152605799306848 40.00363883420217 -13.187318951012173 -32.65448515601645 15.422657044101129 -211.77826399755287
34 3110.016414642334 287353266.5840755 -7.021822882377053 -6.050534202653582 -39.1994742957102 21.91021655090363 5.233559645582954 2.4504469309593446 -44.40427346120504 31.027452377495706 -199.40554573073535
35 3193.11057138443 279968124.2975546 -21.991051181257127 -52.70717853334726 -27.800391242720394 -4.76908417625922 -1.1131232510824471 -14.484519672531633 -18.948437260626918 -4.748646957355902 -227.2556788691968
36 3273.8225140571594 279783687.84672385 -21.43051848116514 -51.70013500375827 -29.461822159960413 6.330987455154968 5.917212305264071 -15.44911347442212 -21.467740609761393 -5.077784573980409 -227.81953275331682
37 3356.067746400833 279772992.603849 -19.77885967290985 -50.038174671352195 -28.552924099624498 -4.9632998327822335 -0.9908727450839301 -13.581895934129534 -20.072705024136155 -4.9148667154977375 -227.4291311785356
38 3439.562665462494 281958557.38539624 -15.908136203686736 -49.86607480379377 -24.432764628864973 39.34506767663713 35.026602270666274 -13.37896643598674 -20.485348358985107 -2.4708428328629566 -228.02179422963343
39 3522.786355495453 275584937.8077602 -18.64212414047211 -38.46517350763671 -37.71264090133943 40.89445747835037 51.84995877917147 -13.799022721231836 -30.711632420966566 -3.6911121597808574 -226.1140717690859
40 3602.7738156318665 278937461.21234745 -5.229977812477469 -28.162216843925815 -51.234583856765866 6.23264120751238 8.879113304802708 -15.648479238455764 -44.45186057103854 -0.16360355724037845 -223.2085379822421
41 3684.918258666992 281707339.5101184 -1.6030652764198647 -40.20252275741753 -29.34581830308283 58.63784934945185 51.25507473671845 -6.774663222006609 -21.737200375271016 -2.8077818752764756 -223.7637104779409
42 3771.2562580108643 279189812.8885291 -23.501821717340654 -53.34063936820602 -25.41481109655725 35.58603616845077 32.26729504735719 -14.815878290315425 -20.12252470959686 -4.205879095643581 -226.79377956766092
43 3852.111553668976 280325225.10999084 -6.6330194851207285 -41.78560991777693 -33.00475294985592 36.94101409188177 28.640531713639703 -12.112194582465008 -28.965284235201977 -7.396045938505438 -227.64033257270302
44 3933.9097199440002 279993903.3568807 -0.268892853306939 -22.220781343551078 -38.06793547483045 39.60800356720396 52.56026750296476 -7.1099897440007 -34.88887685688928 2.897160481792298 -222.958525629877
45 4016.532185792923 278302662.779754 -3.165583787619253 -26.284028213611357 -48.25424697367562 -3.6432773634334197 3.9745667269888134 -11.857443149891026 -39.249520833895815 -1.0077224914333556 -223.74058392159554
46 4098.479916572571 279782444.7100249 -17.676555742436182 -49.090736638025284 -27.851900905606378 34.70206014399746 31.74005907607354 -11.923320509358803 -19.163396052176665 -4.113431138444014 -226.7602945230177
47 4179.159172296524 278817675.0929826 -16.641550163751283 -32.96042051104318 -36.54937804073144 53.422786475103784 59.91162410509908 -11.723510505251568 -28.38085686682092 3.0421629099198526 -221.38054202730643
48 4261.600586414337 280231490.7598764 -10.32135290816685 -35.779119424052325 -44.06644416078734 30.644560599166468 27.964070342656946 -18.4170857216684 -43.197910077134225 -0.3282538379536959 -222.5096474517569
49 4342.549878835678 281367732.0679789 -13.316935072480065 -44.76835551940805 -28.98671584692262 58.09726776678396 44.14999735204747 -13.85325398881173 -29.694587725578344 -4.443552632016065 -225.8409465008146
50 4422.491908788681 279056573.11111355 -23.480637068202846 -52.174284190183286 -25.687869102526363 39.90324818790407 40.520677827815625 -14.024443045392331 -19.200743598247016 -4.5858645948162575 -227.5266484434497
51 4501.730008125305 279704675.5776271 -20.512818997373223 -50.67077632849573 -29.44015923685177 14.046637111046099 19.90567301987923 -14.80419973212986 -21.732476377722037 -4.87209814253805 -227.46536505590944
52 4584.740586280823 280584756.6397023 -6.8076823871035215 -37.34134113157592 -51.14632176625682 -4.782795893311167 2.983125278451711 -21.94019742566536 -44.73503615852127 -1.783611244923236 -222.58553322081247
53 4664.332818508148 279997875.48545 -6.000302908897281 -36.56494177448264 -51.19844189513241 -4.67661971551837 3.148150322085627 -21.28746814907157 -44.75917587897766 -2.5163757735468266 -223.18523141224284
54 4750.7852435112 279324764.6162379 -15.571133611260326 -45.12160946097215 -43.71708824302363 42.691215725317655 41.52954200514638 -21.623508678733003 -35.44266162479437 -1.879564659731102 -223.25626608249343
55 4832.924725294113 276395947.9043745 -16.360178701503038 -40.046055638341485 -44.572559384288994 29.827721137750988 33.93516052701717 -19.352187094335534 -38.773469806906746 -3.7076999275467415 -225.74790421832984
56 4917.140458345413 279676337.71172607 -1.4052023534311235 -31.674595236269422 -51.74658320901289 7.3567593844204495 9.977301862678733 -17.716816322398188 -43.83769220667631 -2.2895940103713315 -222.95640501375857
57 4999.52485370636 279727502.4929325 -2.1892347163018924 -32.49652384010173 -52.273612216359155 -5.15011701915985 2.7921317237379935 -19.370403906934598 -46.64180935499479 -2.8585978547441755 -223.3965753478705
58 5084.028686761856 281456606.1308958 -1.7718502722198197 -39.95962775264633 -39.82031442141976 33.466029281403685 24.552844504219625 -15.611460819013018 -37.88903384304598 -7.734037508056588 -227.19916438338367
59 5161.701966047287 278398520.3631801 -3.2492099043276683 -25.088467589851785 -49.27902696206175 27.2927617746165 32.27475803420095 -12.409208162455343 -41.98661166953093 -1.1918830345991864 -223.73165046218236
60 5244.584240913391 276473760.47813874 -24.476994623316 -51.10433282661716 -38.66462855959816 44.757766025153714 36.703605931796616 -20.99825891888372 -29.381634695962532 -2.764513447148886 -225.55040687910775
61 5329.292239904404 277770791.0773117 -11.445207770648498 -36.3672554029889 -43.16320017530736 11.210552174317186 7.699489545372858 -14.189973164993603 -32.0438791549621 -0.47129509522721946 -223.5796559100799
62 5408.872534751892 280051752.3550541 -20.702025665496375 -53.21988811620242 -29.448925395160714 6.666922619477539 4.277536520642423 -15.301794539060609 -20.467714268605505 -4.706555400384218 -227.3538435792272
63 5493.027736663818 279264797.361764 -6.36220558305697 -37.71649352557315 -50.5580451709135 7.7498551561110745 9.869366395203912 -21.7214183634718 -45.29988026604735 -3.2454746256864837 -223.9010747964623
64 5582.108096837997 282123904.456258 -0.6211620286220434 -36.359281547246134 -55.950827841847904 -7.202962460798972 -6.129509752269213 -22.587783092987422 -48.67099099057822 -2.7596990241481194 -223.3763720313977
65 5663.770082950592 281140283.52404714 -0.6612742973087071 -27.635778591145094 -46.506473255409766 4.757052980425513 14.76895797507683 -11.747278589027076 -35.02171395673241 1.8068476609323056 -222.0274636580773
66 5743.42950797081 279944063.8585948 -7.2821353156741875 -37.81134593904234 -49.370601492652504 -3.7595166590101954 4.242837727077639 -20.320139725120384 -41.43642047741713 -2.314524391172199 -223.28162661419577
67 5827.773623943329 279204179.4662511 -3.7535753072592257 -34.78741538368998 -50.83832104546476 7.800933369507284 10.088619641074413 -19.39737410338995 -43.569783571705614 -3.5730845017681077 -224.07579869967333
68 5912.062681913376 277316591.83213335 -7.498289748761563 -30.9615814062493 -45.46755310786533 9.809150187674177 13.003899657515754 -13.192492024171145 -36.66462094010927 -1.2381916732020954 -224.29655083515343
69 5993.222456932068 279607664.24085265 -6.544095328245291 -36.579553327700935 -51.705944551795604 6.777566596331461 8.759770014080244 -22.18857433850428 -47.600867565798694 -2.366172041551579 -222.85348166808495
70 6076.299212217331 280260273.3704432 -3.9210126622573007 -33.94481565025218 -51.21959985079599 -4.620772817301329 3.417664253320236 -19.919850967407967 -45.49980474275145 -1.9856824389201506 -222.96432886187438
71 6157.759054899216 278179519.6901591 -8.338496235432185 -33.48180834623904 -45.50916657783952 9.782512127936123 5.075500158003258 -13.530089749249157 -34.12410286171149 -0.4171728018722547 -223.31167396245013
72 6233.655762672424 283459795.83811617 -3.2724585528150545 -40.99239025802177 -58.268963919934684 -8.738047705174118 -14.99201353007662 -25.798616974621837 -49.78586382649672 0.9224673428883534 -222.55778480956332
73 6315.0352256298065 277841014.2288743 -8.780132772769548 -35.47926410819858 -48.25103809629772 8.399694922614188 4.531931031991856 -17.250898662968154 -40.21559725840052 -2.3258800199923826 -224.95741750444563
74 6393.742769002914 279515512.9504765 -2.860805795633901 -33.830423573113926 -51.60374825241391 19.195706798383064 16.069270619463268 -18.991536213621146 -44.76648439861657 -3.0585571218799146 -223.42509540563475
75 6472.397934913635 278344276.92496014 -6.792157487949909 -31.394133166512923 -46.92638414391487 8.949292938953619 12.015864161804108 -13.348068928089106 -36.53319446826606 -1.0692162725052867 -223.94032644925664
76 6557.061836481094 279769236.53948957 -5.847229289293288 -36.68343694671486 -50.872601390401954 7.597975884360487 9.585092936635979 -21.083648868982095 -44.46936670803001 -2.471424947991295 -223.20217218826548
77 6637.3632872104645 282174496.64552516 -10.096361458620954 -49.87946843612452 -55.806481594278914 -7.518840440652156 -14.494396055573977 -29.011436337211364 -46.75025519831962 -1.7571481081127445 -224.94062948696
78 6721.258450508118 278768089.5657087 -36.97153494955582 -66.47562472402734 -19.12529686824231 73.94003480261473 59.955936358929385 -22.475863928540036 -21.382592126112627 -3.286435940423303 -225.90355249198035
79 6798.09544634819 286822399.038957 -10.033977719311363 -50.85147193465632 -56.82890501172498 -20.745618808179003 -21.835480506817596 -32.37836049397748 -51.69659494629326 -0.2491165889820195 -221.31622476659112
80 6880.402051687241 285812605.50407004 -19.407764777529234 -57.6158793480995 -49.82817536561203 -5.071571425971229 -12.76876120977629 -33.304101727915565 -47.953687202493086 1.065113280847413 -220.64741980559631
81 6963.169214010239 290771019.4899812 -6.175617234216884 -42.7110103025464 -46.694960354036326 3.368683431391297 -1.488444829216025 -25.14942401361793 -48.30049581661558 9.0057373053466 -216.15970638389325
82 7044.597281455994 279425134.72739804 -21.552715642891222 -55.66759206512604 -45.652908220935785 21.488562996435352 16.627194519453134 -29.45047802310779 -40.83259360302992 -4.740939928905561 -225.1250334920611
83 7124.209331512451 284247717.7350732 -1.888512027880508 -42.08508891482622 -57.07564775896872 4.124233722198824 -0.8751573475127152 -26.00370048216263 -49.669578706006064 -2.6969323865744173 -222.7782647166528
84 7204.029052019119 301866499.84148616 -0.7336485805986763 -4.058410910855116 -55.77275892952181 5.361706571030844 -6.7925433954311565 -4.305283463593867 -54.01746862728726 57.679482488439476 -176.4923324898623
85 7285.462744951248 279499374.641096 -2.4260359609005455 -38.647981464394896 -57.146648793255835 15.866608831399454 12.092557775482241 -25.38144286457384 -53.41896814911178 -5.855498867178881 -225.4561134787196
86 7365.06126499176 281544019.5179557 -12.58535089967295 -46.93220153975108 -52.6931050939949 -18.43757206926749 -18.54553178852838 -27.80689345763261 -47.222943838331275 -3.1838900412745943 -223.67914867541123
87 7452.499189376831 279670331.2444871 -11.107174668965568 -43.49366145531502 -51.79496665774168 6.258945630128991 8.315772318205143 -26.03581422324322 -47.96853676506777 -4.169944611584583 -224.73870825695286
88 7537.639995336533 279719947.2170029 -13.279285488084874 -48.169219306163775 -52.268733771254546 6.010816468081913 0.7557044529993302 -28.629926360934064 -48.736309813879984 -4.860434080399955 -224.93247167419406
89 7627.061945438385 278760010.355679 -11.988583836557389 -43.64403910865619 -49.97515777443175 19.840796470827087 16.39475084716831 -23.959004826990167 -42.635018686789806 -4.5939584285391675 -224.5041491776504
90 7710.1763644218445 287405760.68699795 -54.73894868529566 -75.33794036990754 11.114866038476023 119.71423981587361 123.87439022138258 -16.565434730171603 10.749018646895024 22.91607448334912 -212.85533041262272
91 7789.8634831905365 280391183.62735915 -11.9087955873973 -46.96544029393695 -51.747123563176324 30.169556765809975 20.20217790290413 -27.82741533475138 -48.57664917077574 -4.545976044218548 -224.79139822632766
92 7867.941913366318 277532741.123346 -15.06832607497481 -43.48174781985823 -47.92463873065548 27.84906047163402 25.102984376004663 -22.602581099637575 -42.24096277041764 -2.8771884263861693 -225.49552567353146
93 7950.984011411667 280331390.18248284 -22.99911186789628 -59.554891122807476 -46.14254483665833 -3.124319608928694 -3.0490816908859966 -31.131304494220217 -38.71815411900934 -5.309358635936292 -225.33308998047477
94 8033.351610422134 278356127.7383457 -10.303362490593575 -47.35765855284279 -51.8722713039515 25.82940793675005 29.404080795040834 -26.42253630000073 -43.98163863723539 -6.017460228183609 -225.85163444452195
95 8114.133224725723 284539988.158863 -1.6333869690524478 -49.373780490075035 -60.81715403967266 1.0296849238425736 -4.930298542301381 -31.0690270351584 -51.82451379113837 -3.3024102748112796 -224.33877440096103
96 8198.571101665497 281911995.2456426 -13.935267909515085 -46.43613895007174 -50.217721343683024 -4.72307421803761 -4.428353183433984 -26.716008577584773 -46.910758651733204 -1.4258169853839036 -222.71553682225624
97 8279.642187595367 291620826.797943 -7.2933861672195395 -18.366847635265476 -21.09879589145377 92.27253998708338 93.93978852475296 16.422719560320957 4.132290991068373 16.917388929514914 -209.3195231627521
98 8360.538915872574 278847303.7114932 -24.096837382401468 -59.78600950758366 -46.48988267492268 21.031581075970163 16.405276779524094 -31.79024569413997 -39.81799260945132 -6.078814205156334 -225.79169915157593
99 8441.830334186554 279267710.77167165 -14.138947396643015 -51.60050233448566 -51.46275097680889 18.655889063002704 14.348650502591198 -28.792890423730285 -43.779240703074606 -6.252958425858253 -225.78371352658525
100 8525.875478506088 279365367.6552472 -6.552166348579628 -41.685553908210416 -55.254719616629885 12.301558833118499 14.850832450945951 -26.396453059223006 -51.86552146619425 -5.0678188018642345 -224.62842784091362
101 8602.404363155365 278652248.20819896 -22.896209530491177 -56.757440723595806 -46.94787604809307 20.489044313003372 15.983091327538176 -30.83632443586066 -41.669729176325916 -5.567057285274643 -225.38060228196662
102 8679.957845449448 285954835.7295434 -11.233258711702483 -47.98273615702948 -51.879031733579 -6.089437682623668 -12.640069538377649 -29.12816223962733 -49.64855810065035 1.4731551212626641 -220.57272651363144
103 8758.900149822235 281462344.87196016 -3.9513622057797413 -42.24477240041791 -57.592739631078466 2.8140777763122315 -2.147545315958812 -26.39344802589136 -50.97419676084445 -3.5973204911119296 -224.28919686629024
104 8842.3218126297 279400647.7397271 -15.946828718294636 -51.549294374790534 -52.19185330099769 6.078965312219054 7.450513222356948 -29.928099386669203 -45.88273332177084 -5.228242393296 -225.03225171417074
105 8922.706394433975 285894325.43557817 -6.622510536460441 -58.73779982210968 -56.126698692847036 16.30774063420524 3.5738260878378387 -31.200383294095104 -43.02650697687773 -4.0663913642029 -224.40707126005663
106 9006.319519758224 280460927.7125365 -13.651759280916242 -49.679561746639266 -52.10454631987781 17.81334911989463 6.806261760760652 -29.475862205568433 -48.7381941955436 -4.255497276269807 -224.49535058573457
107 9088.646468639374 279312437.13903576 -12.561383005624666 -45.408476735783694 -52.639736519429775 6.076071686324362 1.188416531242165 -26.74111580782977 -47.344675834957854 -4.769872448867375 -225.01128889114597
108 9170.608570337296 279142894.1209251 -21.854538918988204 -53.566117499916096 -45.02190263885012 9.61490244218598 10.758495581632902 -27.36145632542724 -38.6538651349216 -4.812420812662879 -224.94700243838366
109 9251.656725645065 288621799.63023156 -15.705600488045238 -32.122053374063555 -48.95253833496496 14.765328823792451 18.094928270031325 -22.29787927830256 -43.09952636588423 21.192886015801605 -206.63132103024475
110 9331.625780820847 286627123.0825305 -20.32501113436747 -54.78270598416171 -39.61459005012076 19.6420636375128 15.362748183253032 -26.60909693555618 -35.00527334449896 3.751647531570484 -220.46936917741488
111 9412.954860925674 282095068.71973395 -23.503215960157966 -62.323939911509925 -46.099682991504764 8.921578129206168 2.801467925343257 -32.049853332226235 -38.63990373003668 -4.5711870458612225 -224.72796245723197
112 9495.29625916481 279233498.8782181 -32.5762565076082 -69.08362949027344 -41.651110975601796 10.724077200330143 10.837370850601456 -34.24180439109057 -34.01933018060345 -5.945627026299121 -225.91408794481077
113 9576.332340717316 279847901.8919536 -30.67094295828667 -64.84377926251308 -41.13441632736716 -0.5408310065481814 -0.6589088152660043 -31.397919680908956 -32.85878474349306 -5.021796067356718 -225.57624237496213
114 9662.41666173935 279618436.4178296 -32.022940611304286 -65.40706349374067 -41.12568013024985 11.310374779898432 11.746636040156154 -32.415105645162726 -34.33452916563499 -4.8135117939687575 -225.05025682033693
115 9745.250806808472 281734903.9048173 -26.08958895228496 -62.082642165058786 -45.43178199912918 8.488442583090865 2.3549741962936235 -32.477485045656124 -38.77493776766153 -2.4833967963256782 -223.52205003695695
116 9825.94604420662 279364201.7264784 -6.9987797189799466 -40.05012830990471 -54.92009468319867 -7.098643476251667 -6.041744965229254 -25.246516939593562 -50.658236905038905 -4.817922598148584 -224.72614822413846
117 9908.499529838562 279368611.8892022 -15.552066161601196 -49.44103651220943 -49.85808032859381 7.11780797997686 8.396619447415699 -27.04506365277257 -43.00362549554313 -5.096720757111996 -225.05734063507214
118 9995.11419558525 286188318.61870754 -3.976207142001 -45.96552075188009 -58.81836921270026 -9.717358404034535 -16.758638825267944 -27.822224481006344 -50.47116007853748 -1.680809958285863 -222.49779118698507
119 10072.902452230453 281471474.50778496 -15.830686169101295 -51.2806038375079 -50.32354143474895 6.7827098939915444 -5.3029840500626655 -28.057288720018505 -44.78123898794439 -3.7801921567008776 -224.49241255921896
120 10154.373115301132 278535202.6619018 -5.96251437838738 -39.93802370209824 -55.53643568533558 4.717907465943256 6.899124302594 -24.905439582323197 -49.43608185816686 -5.656098467921822 -225.56832713617365
121 10235.383599281311 280892923.0474758 -27.705379691671162 -63.2172588362561 -42.41428517161438 -1.53510163118969 -8.72959080610257 -30.451161669396527 -34.028188224669634 -4.232804710818812 -224.6419058522651
122 10313.663213014603 280340472.9881401 -22.519445195307913 -57.89414838507885 -46.166369405686424 20.756190212998643 9.323981978369115 -30.44991697156763 -41.16351691327634 -4.666135583079779 -224.93096605600874
123 10394.924800157547 280773549.9218111 -29.54773125531504 -70.3210482997977 -43.05637823199661 -1.7609200739414703 -1.9422971985204764 -33.306744081322734 -29.914632329857056 -6.347454330311052 -226.2936209242659
124 10474.848073005676 278645539.1993498 -6.009610546366424 -39.23221988931282 -54.831928107791555 24.668283197137434 28.763049213350833 -24.921315181217608 -51.21682232845734 -4.824969622554647 -224.85430018974398
125 10556.602442264557 292964292.15600663 -18.042704142896532 -69.52669877039145 -32.0093186392906 34.728303722182545 23.712303921317975 -27.045733666961837 -17.11685493014835 8.573454151437147 -219.16496753089615
126 10634.639235258102 278818918.63088554 -19.770057210701214 -51.444053205627704 -44.51462205308587 21.96477885045829 18.039077891714108 -25.598476807435418 -37.097788456075534 -5.208376387742362 -225.41931685616015
127 10711.814657211304 278369818.88714737 -0.36230271516081913 -33.58239287262705 -56.931635532152704 -7.78404499212575 -0.8467320800695006 -21.753147987981208 -51.0904011950625 -6.195892976381003 -225.86656181395603
128 10791.651507139206 280402067.0153075 -16.544207781593364 -53.99575670902107 -50.70603419326257 6.405311017048007 7.492535447427963 -30.33082201424662 -43.5028469802495 -5.379373839545053 -225.2632748636891
129 10875.147414445877 278786799.0001438 -1.0861776865212072 -35.48421515921646 -56.59970411800502 -7.699847938581193 -0.9903876138533789 -22.134031254560853 -50.04330036113544 -6.166672459319045 -225.89490387847258
130 10954.301686525345 319420896.2589362 -1.9186736467715928 -3.4705087533911776 13.200717606534106 94.37668068199555 107.38952225130735 19.85588291842373 8.338137510661056 74.50933642598045 -181.47342051354264
131 11037.795325279236 280149285.9301254 -34.07871922711859 -69.48159093711855 -36.90241285002767 1.8190143503855722 1.9009548311326547 -30.088347508944878 -23.857104696258148 -4.587918119181154 -224.78617587935787
132 11122.102147579193 279839995.6350687 -20.5978472881347 -53.99543070272624 -46.636852010505365 8.447243922711664 9.578750375037925 -28.2927582917942 -40.073812055566805 -4.958677027793897 -225.09836711748682
133 11207.291470527649 280269119.59468013 -23.96795990952857 -59.47983701538504 -44.409428320425164 -1.7982288837345735 -1.1699290794296662 -28.746214796782738 -33.158217486952424 -4.825840514936203 -225.04904703517883
134 11287.033760547638 284589862.084637 -28.638443245176084 -69.91437956897396 -44.83202702131706 9.363748661443658 -4.732519743892436 -34.49201330597589 -33.87000523367402 -2.3820092064629534 -223.17918427965458
135 11364.486725568771 293083527.0218437 -1.9257472145609222 -38.96755047639016 -51.177618092853095 -5.668456310823643 -16.222004756635727 -22.030472529260805 -50.13175031799187 1.2319817092155176 -220.63183966358315
136 11447.403405427933 279772989.360739 -35.28462573075707 -72.60066935527972 -38.436173314869066 12.919810572491286 6.81162969671035 -33.118503948508646 -26.843454499523432 -5.775324096721249 -225.80244109169206
137 11525.936052799225 279967477.2602343 -27.097409518339266 -62.71755079243802 -43.65315996657792 -1.5501456781536405 -1.0735390788143668 -30.450678709823194 -32.727951484436346 -5.3581710344625435 -225.5746678602519
138 11604.201433420181 282831041.8574377 -19.485122511451443 -58.01216100948806 -44.73752500102265 -1.6100392172539628 -0.7803329286871872 -26.041528604622442 -30.020606039054144 -3.091804674560308 -223.89587896785775
139 11686.810726165771 279174673.6972212 -19.614359922581748 -50.44704918132259 -44.714862101345894 21.909688256166508 17.87751554376748 -25.60111486360057 -38.2954924828411 -4.400297893819186 -224.97499566605796
140 11767.49251818657 278089264.9075169 -0.8122511941788186 -33.47601909045429 -54.380288537257776 -6.0063273992155075 1.3432976933696938 -19.61265409200371 -46.42199579110837 -6.039459857651423 -225.50297310519835
141 11850.914316177368 289674474.2374202 -0.3739642973678752 -1.5255584376116065 -64.47050909411936 -32.122717969051244 -33.57884464312921 -5.861211317723075 -55.74460974994565 47.93281514745797 -191.15915104928615
142 11930.72312283516 281041115.286746 -76.17005820397657 -87.74511006135666 4.4396643786809875 160.33045986442534 141.11979916941968 -29.09495772828626 -2.554052184894317 27.089010704038856 -204.16438521186984
143 12010.601066112518 281778329.9638336 -11.821411364304375 -32.10751028260114 -26.60744899726611 56.04431986847024 61.18608490227122 -7.704043676558058 -24.667206791158094 4.125442087928832 -223.05220576160883
144 12094.411666631699 296234962.5007145 -15.816310650119195 -40.338099156966166 -36.127596784302696 21.014885774851106 8.004492550282508 -18.67698210601469 -39.741803311022295 15.896915301462514 -211.6514665385809
145 12173.315055847168 280258722.7042436 -5.989678128690131 -19.527410061518072 -52.288836638425636 6.3777871574657325 7.865647311283462 -12.16207063531482 -49.11166667051248 -3.4873272914055065 -224.05331380829705
146 12254.768465280533 281198600.1708391 -24.362446091928682 -64.28785347988861 -49.01859185812601 -4.758968179019632 -4.743284322704756 -34.78529718472316 -39.60582422300337 -5.665476208883263 -225.45720122004093
147 12336.431648015976 280194297.8511464 -11.07744641770421 -47.036669202783365 -50.555539143595155 -5.229820386163702 0.10664089683572087 -24.26493198613207 -40.90780656227844 -5.549287748718541 -225.6520862467063
148 12419.620760202408 281061207.439376 -34.22389667306539 -75.16943927247868 -40.33911143405671 12.129342366929855 5.8710874208432084 -34.71631578936808 -27.83591325321197 -6.136455178395352 -225.74827537955798
149 12504.893993139267 282201485.7488375 -0.8332785124652791 -39.310789355427744 -58.23855167122706 2.68843777944668 -3.0521967439033464 -24.991513250269065 -51.31954316274681 -5.27368745298844 -225.33417243353966
150 12588.398899316788 280434630.0707292 -1.639081722100622 -27.769990150805288 -53.14946577437122 -18.34978307241915 -13.351819273180594 -16.368887273193423 -48.079867237841256 -5.387978583635459 -225.22534841020547
151 12672.994804859161 282492317.0269516 -16.961969436193097 -63.41110742022901 -50.67876426581627 -5.916547920368686 -6.695134859091354 -36.46900987963062 -46.34655930957024 -1.2564479714035883 -221.93630323329882
152 12754.77625966072 279100475.24509895 -21.985133741072975 -58.99673145269998 -47.35532012292332 8.194427023644728 9.63636107191299 -29.37730441793809 -34.513794991344014 -6.049583071827897 -225.84260160396366
153 12834.4808011055 280751126.5641108 -14.111483693390339 -44.15035377372927 -49.237685710071474 27.167054646554902 24.21472505952907 -24.504909774032342 -43.575201071165395 -2.8755785724854377 -223.44499774267717
154 12914.826414823532 278876825.1670061 -10.520329017797556 -58.216954181758766 -52.42286816071813 -6.005050182522915 0.17741674879755642 -32.56256148319187 -41.91037872410118 -5.810781332545332 -225.570133876924
155 12993.887367010117 280336573.2529125 -28.400389605994267 -55.836862926444894 -44.20277487836444 6.636183567347139 16.16093410623649 -29.417435649520996 -30.65572250144129 12.153677851419161 -212.55335126991338
156 13072.446016788483 284399847.02910256 -2.6838958569410716 -32.90238334001893 -39.87379998867539 15.875081024154255 32.57411389413209 -17.373042527254484 -30.732418542637276 16.60631586779664 -211.27995493964153
157 13153.885509490967 291586887.78183746 -5.128253869829402 -58.64446027200635 -50.494770320303324 -5.090223346942274 -6.241254966705151 -27.5989806400994 -32.85115586599147 -4.061207581029805 -224.4685060951782
158 13237.055065393448 278467124.8916192 -1.912637307218855 -34.895175922273765 -54.243257418832876 -5.987311047517316 1.0328294386936943 -19.67736246884914 -44.80376528568985 -5.604203915561811 -225.41707942701908
159 13325.195510149002 279216706.62987405 -18.405984528644126 -66.58475832979283 -48.66832053031571 7.296975082163108 8.787967570604788 -35.05666668301262 -36.109424867646396 -5.884463404282201 -225.61920581269385
160 13404.202766180038 279309672.11221796 -1.5818963005292126 -29.87391871355599 -53.49865744950456 5.54268411006322 6.677305306929817 -17.027803892193617 -46.67625265848238 -5.6604138919643106 -225.17672375417834
161 13485.597482442856 279017391.16152614 -0.748138979278111 -23.47355060934078 -50.08817501688696 7.855993531900609 9.547229243281128 -11.576378072858404 -43.551978508311436 -6.093072438017941 -225.82111988001333
162 13563.701277971268 279100157.59352785 -7.587286067275429 -52.36050506139549 -52.217136809760945 -5.773813960744512 0.5627817775516721 -30.297721212302065 -44.900570958646824 -4.993632324341888 -224.82726982714536
163 13644.064509868622 283250881.2857126 -2.2414012766781326 -42.549300605233746 -60.302228255305046 -21.48748120823928 -15.000015002749793 -27.188714799432432 -49.429597229514 -3.995227091877325 -224.49497822725368
164 13725.640095949173 294037496.1154092 -0.44898230966850594 -50.13152033470587 -44.30422744570212 -6.433182713273297 17.36155194565084 -18.87134072956627 -16.861407203969634 10.06369371542354 -213.5571643134262
165 13806.661745786667 279417960.11219925 -14.072831842183524 -60.83971221984343 -51.40363321575929 -6.203278325016669 0.29639606463306656 -34.298843630299984 -42.2458730499618 -5.641781450364647 -225.58739719766737
166 13884.974269390106 282637229.6595712 -47.94321580662327 -72.73980631231439 -19.56814054521937 54.508443002292566 43.42815068912168 -21.158825843442514 -5.93974209521042 5.547689392010398 -216.94976896633585
167 13965.776107311249 280289520.4699713 -5.077324471279518 -34.03274771898749 -54.52862484501949 9.702411930901206 -1.6441841604804424 -22.02972607776502 -53.158687070639985 -5.788626334254445 -226.19612115442112
168 14048.111097097397 281043594.38249916 -1.4137831292086736 -49.428239811766126 -59.29159626536824 -21.890069340841144 -9.347022053616952 -33.711704546688395 -53.41755054252633 -3.980302768595436 -223.8593756531879
169 14125.222453594208 288629810.20222527 -19.05802155681902 -74.26201757041878 -46.63858588728334 1.5290514888364584 -13.465329286910583 -42.59348062466188 -43.89497728414199 -3.938589279118162 -223.36380891578864
170 14204.586515903473 282277836.9715286 -15.334270147766613 -46.930512743564165 -52.519250390255095 -18.18679658158051 -11.459891081190518 -29.643102463906644 -50.77880990980344 5.245536662249378 -217.46823309415697
171 14286.091578006744 279396342.2619471 -10.057905818211331 -60.223810296408786 -54.33200079014553 0.8569704042798421 14.843803913597004 -34.44041516425358 -41.84969288541498 -5.696597610398953 -225.584605046033
172 14366.673751592636 279368433.08451355 -9.229905795017586 -29.170912133390644 -53.204435676732615 25.231775519005982 29.398660973440904 -20.63343545833669 -55.267483300404365 -7.4977190618579925 -226.26416672033395
173 14451.94768166542 278878709.52469504 -4.850665645867005 -7.453071156674657 -58.645167272451225 12.624536633106167 19.502276567635157 -12.698762727414419 -49.290352581635034 21.52076677461207 -209.51849518414775
174 14535.385253667831 286153056.2877863 -7.584059012780727 -45.43966860053074 -47.73264091280668 -3.28049217112509 6.882305506598687 -23.93253021950767 -32.555984360968296 12.048750671103107 -211.8070645991566
175 14621.03387594223 290099975.9184153 -18.98182093267969 -49.25197321700952 -54.34438096060877 28.62837495236984 7.634951399800313 -36.88273201783744 -53.099191541439836 19.60296769187096 -206.9119399248591
176 14698.864906549454 278968537.4845358 -8.905814395259965 -44.15867832655792 -56.81739449327095 2.7806196275222703 5.368401178576127 -31.79092491690909 -58.54066993444309 -6.28977887246532 -225.9297103270154
177 14782.340654611588 331380076.6874839 -8.424718605674244 -75.74543927739384 20.99670720653006 140.400752620615 93.93537402306058 -10.277287798957275 22.79726188859263 65.3879282766245 -175.14070965115417
178 14863.200292110443 288573433.58773655 -19.455608202017206 -65.58018413404005 -40.602799791028716 4.587658597829119 -9.319856318265355 -35.41623317931129 -42.52439783520077 9.015541389603527 -213.00925934305252
179 14944.225678920746 281624164.52571565 -14.789047985275527 -28.90722571516299 -50.02201058069667 14.584804496595773 18.149339309721704 -21.36699137710559 -55.51353734420502 -4.503992613740991 -225.57631324445686
180 15022.244619131088 284911673.6731976 -54.44827044273928 -61.6490103923053 -19.99964506251417 92.95078655008473 87.96822262556566 -22.876087561643033 -20.522284404146376 32.86180109385816 -198.89597255631878
181 15103.21659231186 282415375.835978 -6.391585267025369 -54.46348355410618 -57.099819906019356 1.737654363194757 2.8764510426516505 -36.68750803477809 -56.41652220101588 -6.41257289851427 -225.75945178989855
182 15186.291481494904 278958772.4084622 -5.7311054529738374 -30.352877917619626 -54.84266649570786 4.771619878913604 7.878556630312728 -20.48258124762384 -53.567588049399944 -6.56629643040003 -226.1473836644987
183 15262.826258659363 283855225.82465684 -17.929450522769606 -63.02621148884619 -51.99642074299519 -3.285171838536556 -8.441085335363024 -41.29088463790043 -53.17272936014945 -4.7197173260654495 -224.21100857541023
184 15344.521239757538 294841220.14735246 -16.771704757841295 -47.700337990833354 -36.1035652010538 65.94481769108897 59.99250736155357 -12.716126107529192 -16.966618321805072 17.99748869811981 -207.47925571940135
185 15426.006398677826 283150036.3763734 -3.1131183541377725 -22.794583130514155 -55.48420700023454 22.728176625697053 20.845785727440663 -20.943713939831127 -64.13878355835715 -5.275833612637939 -224.55178126521713
186 15506.604796886444 279421861.48598295 -12.079379109300358 -46.59307453472152 -49.817341349694665 2.9034227986151038 18.442456310044296 -27.48791992419558 -45.132300285753956 -3.431712334536485 -223.97174448941456
187 15586.675340890884 279287742.94517535 -6.58056790582129 -39.68307206158633 -57.24530949347132 2.7310541296886655 5.896640264397314 -29.202947812853665 -57.97338922453963 -6.052787754029566 -225.57543809060115
188 15668.258359909058 282323244.9463939 -3.4038220609885412 -53.18755753541585 -59.8823031741384 -23.604752657538178 -17.96837439475909 -38.1167181723427 -60.28239833256396 -5.964984018214693 -225.23645796940576
189 15749.994614839554 280210973.399823 -6.705904567275973 -50.378920057543695 -59.77013510611121 1.4717115046047766 3.222671201772487 -34.39885515686797 -55.45616054943429 -5.163300484498677 -225.4185337077243
190 15832.899438858032 283257813.710809 -3.371667363544871 -37.480329441725736 -59.313579023494235 -9.665643283777563 -2.3912468497880184 -32.686808668630874 -57.43255810443412 9.61814632266146 -213.28763631314575
191 15916.085138559341 287782870.5462462 -1.1467319932013913 -57.77371610746165 -59.02306764203294 -38.00390359017314 -57.446199847411 -39.61054884701588 -63.49821796398021 -4.9920624310648805 -223.63424782671012
192 15997.104882001877 278268658.38058 -34.83854726350714 -79.75506374740104 -41.25346208156043 34.44622684236121 23.67587304676446 -42.94554287177175 -40.17089191860464 -9.586187904802784 -227.5347354039747
193 16075.845285654068 280824547.2836659 -16.199384071363415 -12.973611181253869 -57.37296321430549 -5.707928358877808 2.7205448208910017 -17.439220748637638 -70.5517602007551 28.407822739023914 -200.36296274042957
194 16154.181314468384 281011236.8212057 -26.150894976035687 -66.65285953033472 -48.17750955342317 6.84306568837863 8.408094075365021 -41.349667650260756 -49.75916445541793 -6.699883087280227 -225.25427323296412
195 16236.417511701584 281268965.39831597 -9.426637268634035 -66.1319224056404 -52.82623027452575 -38.91660108921982 -35.279250877557004 -38.04743069159957 -45.40383301045421 -6.246520325835434 -224.39483225572735
196 16318.685770511627 288182006.1090223 -13.006051257593334 -5.587346962797067 -55.60377055978808 32.679267523679165 31.597986248639593 -13.464926418260688 -66.8999694703453 44.58759241413668 -186.2265510531456
197 16401.738042593002 278982882.9915337 -17.016505960346954 -60.96649496921892 -50.796771621600755 -5.78573157892464 1.5151320975490332 -35.84958023832047 -46.75296343588337 -7.845841765351224 -225.80962509609753
198 16482.01912331581 282266362.6579561 -6.605155800812968 -51.575631742635395 -53.59467037870205 1.9870600076422633 9.711931468965904 -26.172883605551647 -37.28186232818018 5.760401280581675 -216.43047368507052
199 16558.306213140488 281676941.45231116 -21.020164977337103 -68.47375080950124 -48.25798241048817 -24.14349006739134 -19.27891737508122 -36.81948866496572 -39.3956968845535 -4.594225587488722 -223.25484835703224
200 16636.931203126907 290867600.0959906 -22.53470813623882 -51.15803157159687 -2.5272562806782446 77.16298522208712 35.95828588995675 -5.061444040964375 1.1548725118647098 15.41323439394398 -208.93638374783154
201 16713.853285312653 285450026.4366343 -7.085352010752768 -26.881756244335577 -47.13504591559085 -13.633567987612544 -16.165700844550482 -15.605637921871448 -51.96574237531189 13.83256030643588 -215.35059082542125
202 16796.22403025627 278413045.1574622 -31.029283530994004 -77.81001188435381 -38.744279399155715 24.15308265423371 19.65382934174911 -39.968042343413344 -35.43593531358084 -7.828133247371284 -225.96544952539944
203 16874.158489227295 278192497.4368905 -20.909890262484282 -67.61463663947265 -45.00647693034928 -3.2224666962991577 3.900313473858006 -37.786794619511795 -42.49362438262 -7.505754116298647 -225.631561084986
204 16954.494757652283 281527963.2580475 -19.308734934010964 -62.28036639425389 -42.57015183793097 34.01819969663436 23.479141991830513 -36.110855417053415 -50.039656911106306 -5.634378848586778 -224.4886643860528
205 17035.081931829453 278137459.2570312 -25.54462382484299 -73.53415039361523 -44.71063411164025 -10.534471174319798 -11.101721546498798 -41.700073968976085 -43.33252052761503 -8.98470791842891 -226.641183714509
206 17112.296279668808 278898330.1138284 -10.998831693342261 -52.932283122905446 -56.33997685438549 -16.475658806696153 -17.238630707052835 -35.83408846259351 -56.8296031775464 -8.995969258933428 -226.7510340115988
207 17196.30244588852 277806051.4525494 -13.321268636663369 -49.49111212848102 -51.52344544264886 -13.56253096485802 -13.54058526380889 -32.19204511096581 -53.452555442898074 -8.72065595878587 -226.88820687037696
208 17277.75194144249 277085574.5125415 -16.008217910872546 -44.577309562429136 -52.39461708581746 32.701190641692435 32.04279257893293 -28.68238398548567 -53.23579616854812 -1.9036459066024918 -226.8699487412443
209 17360.451216697693 296002242.67986715 -20.69519202478783 -32.48400233676765 -35.42029195605537 40.08829683529103 21.162277639494377 -13.370303224278075 -40.148496042536294 47.76048952478436 -182.5742290362988
210 17443.85142183304 276887579.5496349 -3.5982298456392217 -38.333766332089006 -54.94486232106582 -7.928105335550541 -1.6009582400355935 -28.265910420743353 -60.49851424660079 -8.695762250878317 -226.6225575795213
211 17527.9959089756 276817425.6191891 -11.36751336207296 -42.90370563625471 -48.143041587193814 8.305939007076468 10.718264808853927 -27.140199392548936 -52.19805587922622 -8.144018850257055 -226.70013546850276
212 17609.20672893524 277032080.98727053 -13.260063648164333 -48.327288278981776 -49.59024666647441 26.583909819022736 25.241073104662966 -30.89424735321461 -52.928783134631885 -8.383484704046396 -227.08630473932845
213 17690.92449951172 282845480.46529573 -25.091882529010654 -59.27480312071156 -38.14603518635307 52.36770256399741 58.85941686129861 -31.893277914850216 -36.646344619354124 -1.2703478439955802 -221.59801081095355
214 17768.386407136917 283251208.0771413 -3.5621081950469087 -2.417078483819169 -55.910918253195895 -6.993674601383141 -7.034967908377153 -12.673667534466006 -74.85399275428921 26.225060027363384 -199.42928808237122
215 17847.506302833557 277581436.98837537 -26.40384872189315 -67.34231981859938 -42.04734530942981 22.92006869649176 18.83242401215918 -38.320192866512855 -44.202638932324646 -8.83333442897117 -226.6512468859721
216 17924.822495937347 288986476.1162894 -12.305352337053058 -52.46022303092435 -45.491281928026964 -9.691155339804311 -26.424872526477408 -28.53593348049486 -48.00974323537673 12.12527283995621 -212.92695372063548
217 18002.38715481758 277591961.85181236 -6.300551322223565 -40.92936747353528 -53.48350295732588 -7.122656273860137 -0.27821469886100836 -28.31719749860798 -56.80172705391078 -8.33706865061356 -226.29768717902556
218 18081.86052465439 293186564.8276328 -3.8839533938966166 -64.73835124872188 -42.60091286706905 -2.9055962680144845 2.8828177222020948 -27.927064061856242 -24.95533992574383 5.500586806990043 -216.91515944017527
219 18167.375065803528 293200815.29640156 -12.554885257072309 -74.36441811771047 -43.75851194892256 -20.363506046381765 -22.062123015344298 -42.30266683569039 -33.758982308394536 0.18663652765496863 -219.8421747431392
220 18247.682092666626 276605168.57073414 -24.648760401606992 -53.22198678613464 -42.97030139972939 10.393604321997884 12.827665197568242 -32.036679812379475 -47.63113498806581 -8.337345516934818 -226.85187289705243
221 18328.702787399292 276503639.86978114 -12.10661802106674 -46.43244578628022 -51.712158589270416 6.074038555198044 8.135828394111169 -31.174077322363644 -55.66658403771601 -9.04124234591012 -226.86452028206713
222 18410.170288801193 278736864.2656777 -1.5180049429261153 -32.93004367714749 -60.5934103003677 8.985621249900866 18.67083166235142 -27.486224825527415 -63.3197860382964 -5.78464204488796 -225.79534457926974
223 18491.472131729126 276925547.44675344 -23.716156300729047 -56.96177891915373 -43.43485474247061 22.170121720109844 19.691290443559254 -33.084408608363276 -45.392571083978 -7.483982819989251 -225.70007346607065
224 18572.49364757538 281996847.4629786 -16.521985536625795 -62.97209112618028 -48.41589616344202 -44.10627608163929 -41.81940043932404 -37.953517386671365 -47.52419685936661 -7.04251415312774 -225.35296821181475
225 18652.591559410095 276618992.2138885 -14.431151579211182 -47.126246653411975 -49.53931831551374 7.1505839487362834 9.240481369379253 -30.505746646926184 -53.80070482914448 -9.002711372394856 -227.20616198662486
226 18734.662026166916 299159055.67748266 -31.99027914596908 -74.93151893925967 -21.538441828064734 63.64815239881327 53.347185084529926 -22.117096802310073 -0.3198938654431345 23.796888492428934 -203.24374129601915
227 18816.18469643593 285992494.3845372 -2.7243025246007475 -48.18390208234416 -32.559577208536545 23.632860479400435 27.645086414654486 -20.395677247397316 -30.46876896181095 15.130385625475128 -222.44511616814287
228 18894.677657842636 300745279.04587156 -20.636412843704917 -7.31987141815449 -37.97545028616853 31.484621532012955 36.56019332336114 -11.475871590620159 -44.012354283591435 64.12444152737498 -173.33791607813185
229 18976.38866496086 278192418.0583945 -27.45961082863471 -69.86211668543623 -39.179653810004524 -7.7891798334609135 -8.704020548814245 -37.232360221679414 -38.99056207817989 -8.613881315323454 -226.9535246677326
230 19053.732645988464 284482500.1603638 -34.752394930605654 -80.91875073670205 -31.14762103753111 20.93004110698765 0.9152406568301537 -39.88386950898524 -33.91040119644282 -5.409405792658504 -224.5978115673396
231 19131.88416337967 277544061.7344842 -20.29087930385704 -51.58757372281838 -45.520478003428124 28.363069067036854 33.22389658854591 -30.92369779192211 -47.24435678798733 -7.768640338713112 -226.49506466331047
232 19215.113374710083 277779931.6948245 -22.398061342201675 -64.09409301188158 -40.17397638075189 11.45816642688338 12.880188564287842 -34.60483338282751 -41.22671359362164 -8.184777876738622 -227.14936317719582
233 19297.348241090775 296028253.68882394 -23.310220992003885 -26.346590083535254 -37.43416992226112 64.3670325956138 60.38450006318894 -16.239192216701895 -47.13869617108861 45.10516421492923 -185.91794185716702
234 19376.292010068893 276422374.1795611 -4.325682733073821 -41.084946908064296 -55.29376128529976 -15.490470028677166 -15.793720040613168 -29.532119709152823 -60.22983439319057 -9.966711749912918 -227.64564258217217
235 19454.244797468185 278840826.89923185 -25.784356697885737 -76.29349001937166 -41.99866885054889 -9.060510262730354 -16.424328265116028 -39.296838986626994 -36.744821894242705 -7.050538839926503 -225.53034919523134
236 19532.710799455643 279705183.7494502 -19.141378455673607 -53.60554663649435 -52.071816407892584 17.732711141049865 3.1258099520438947 -32.098364494328735 -47.17842120812821 2.654972116126146 -225.1921095348685
237 19610.5905649662 281118304.89910334 -18.1388686466775 -60.75586928709678 -45.644564853036876 -3.295691182185685 -5.902477877539917 -33.237977376766025 -46.56915467036737 -2.022944516660914 -223.52694308341552
238 19689.317444562912 276663958.53103787 -18.85286441289921 -50.27731189822149 -46.37043022095898 8.962678656708995 11.248890012913487 -31.257696163523747 -50.235074365065714 -7.80992153002785 -226.7959423689632
239 19768.481545448303 276569739.4568051 -21.139345388278468 -53.62884638412075 -45.46353612100775 9.253814294633294 11.245986433408925 -32.358007882687275 -49.24630669497361 -9.14132744104404 -227.64642183291988
240 19858.24243068695 399209517.96956444 -12.23247720566157 -7.8851396869982855 224.52287176068256 217.42481854740367 159.77160116342614 178.00549374724847 359.3395154136671 254.55354807698723 -56.89370948231266
241 19938.96582889557 277414384.13808644 -21.670625487434982 -66.71798960037967 -47.3893346036815 -12.357820506374814 -18.965196697376527 -40.26559005815426 -48.90943323191766 -8.859928363296376 -227.16947789674475
242 20020.176604747772 276668485.5656088 -9.131196045409121 -43.24597783255646 -52.681240406739654 -14.025740622441262 -14.290819227647555 -30.502892799469464 -59.26153472421572 -9.088413702692208 -227.3846565568461
243 20100.223556756973 281414849.27739275 -24.97960554362074 -65.08174764548843 -37.67478817130867 19.477888685084253 22.527958315097862 -29.98864819354435 -29.558538685804535 2.5816498552367193 -222.57713686707922
244 20183.645362854004 278696528.9219617 -2.2700527084510913 -60.01677221586486 -60.043168888233104 1.9540569721804033 2.76183715108602 -37.54859833366294 -51.1981836475091 -9.190970026989305 -227.0484457033777
245 20264.253756046295 277826853.2932879 -20.603915999476346 -61.99516774888271 -46.40605071520792 -24.165065621129628 -25.686746185930307 -38.39988581290993 -50.14365751282571 -7.122205190900331 -225.95091933811835
246 20341.931563854218 275766240.2570424 -9.41908328666126 -44.49396867181766 -50.76025436454635 -24.826657351497786 -20.456254518829816 -28.947810800747675 -55.22360611863655 -9.866345412971839 -227.99334253255017
247 20421.82545185089 285768163.5447079 -31.54800128427867 -77.17826141657322 -30.886747450147922 28.88026308584239 16.789207392836015 -37.69078872521186 -33.78764623985262 -3.4425963206118695 -223.39046614733428
248 20501.453205108643 276399522.3053435 -22.443125177689264 -57.63819450135392 -51.57449703851856 -25.98679341851019 -28.219810749487785 -35.20610850612428 -51.51622028541675 -6.64937801478419 -227.0587037052985
249 20584.843641519547 276767435.60471326 -28.061657242815066 -68.41351535478924 -41.013629187134356 3.3210532159849677 -2.1223766713902084 -38.94891060413511 -43.70562062302798 -8.093565307972028 -226.7990390802753
250 20665.79673743248 289310596.68248594 -13.715532467034567 -30.582658514033387 -48.23345590034407 32.44332714144318 16.41643177548895 -22.600486965086873 -60.95192439959328 29.343322584718976 -197.33295392038173
251 20753.562685489655 275471796.5857279 -19.15952000799239 -54.32636780275721 -43.36743189882531 -9.29374960085471 -9.570838677298488 -30.196221326672855 -46.35231825403804 -8.854165655696931 -227.466819987897
252 20837.094575881958 274565435.94758165 -16.476692898809326 -47.21191854304901 -42.246702024280886 -8.221495015086276 -9.214313401491859 -26.76434845349138 -48.13669333559068 -8.587006508993795 -227.40837777396007
253 20917.342036247253 286267233.951682 -9.499680457762068 -50.74961174855887 -57.58468956051821 2.957764954366091 -3.1801439525516675 -37.078232129142975 -59.47328056113804 -4.557808674342198 -225.44303524951124
254 20998.128715276718 289255768.15722996 -2.508684428030053 -82.9925465940423 -47.864148967165065 33.19083515583188 20.857425955701757 -47.18694674645735 -34.70523690472106 7.0638621183593955 -212.1977089163525
255 21079.13540506363 282885427.589239 -8.459048676403334 -40.40661339907211 -53.96629432917431 -26.563527820634697 -32.94921198039126 -32.626638115402784 -57.803798587033725 3.305369665351236 -218.15322348013478
256 21160.660848855972 286582190.399944 -0.9038118674789848 -73.13876070378664 -60.133127526108886 -37.76938678393283 -48.048115712153255 -44.71189855179199 -50.28691753304639 -8.815701482950715 -225.70220502165097
257 21241.360919952393 283768469.54090875 -21.57552062805909 -15.901435420001944 -49.317216529669665 -10.770832399744961 -23.113687433390204 -19.5611343852259 -62.274912366391504 34.133004276940824 -195.65933650660816
258 21328.258947849274 281809243.6179673 -18.30637470343121 -57.566921420565315 -44.751126330763135 20.520716979594866 10.19828980011346 -36.10857581473158 -51.99234091002029 -8.305911862268772 -227.01891417924924
259 21408.628136873245 274498992.42995864 -25.413012576335873 -53.66726407234051 -46.017313141763765 28.211017655461028 25.125770327295847 -31.555707110328512 -49.43666917858411 -6.44982484996234 -227.4656425555549
260 21487.98395371437 273977939.8907175 -12.864270425155857 -36.46252746836147 -50.30318810448701 45.97821103883332 45.515425805375536 -24.273867983047637 -56.91094389399382 -6.860210371581957 -227.93119814017138
261 21566.3241314888 273779912.702558 -7.493016025446272 -36.01975672671884 -42.98557818155518 50.875757027123754 56.557665111669714 -20.823319045996016 -49.85217980409385 -8.52880529577618 -227.7876224723462
262 21646.12072467804 278704760.01693535 -29.42807046944257 -69.10743833537656 -47.12787737967013 -0.5622919634386534 -12.314627394902038 -42.03706406610746 -49.60220560884744 -7.458069477670563 -226.13405207213225
263 21728.983790636063 283607958.50836754 -13.51284907930324 -51.44657880076758 -51.23212845653588 -26.028754496833272 -41.07757860119605 -35.22514865733086 -58.1321647124675 -3.2664685030981104 -223.9608106082233
264 21812.402106285095 297040306.74826276 -4.509125271369267 -93.96340343958231 -43.340713176469734 -21.81425606627659 -31.17000349129583 -47.66392729954475 -29.14923330277884 -1.882916166062273 -222.29971081548848
265 21892.31260418892 282530849.4789619 -19.90952537234738 -68.21573029781261 -48.73906688477444 -23.281424824644475 -19.31566431989794 -39.56296268370636 -34.82727702956794 6.036853318499027 -214.8200291675097
266 21973.631853103638 282081449.5376906 -44.29366580111123 -88.48775125547576 -36.87060772419151 57.22923571816179 43.45431776734323 -47.112702614738055 -25.932986376637302 4.371128907377113 -217.60197946839565
267 22052.659623861313 298935252.0096954 -18.750704437221774 -39.88741055326172 -42.85805154775481 -3.429008038223941 -11.91509034770397 -24.250879133264164 -27.498678058768803 53.235568817226635 -179.93040580843086
268 22135.672184228897 280687601.06843406 -28.237416518383505 -51.98751433835652 -41.40466128540511 39.610236252137355 43.78152705538072 -32.67822958175282 -41.76950180612505 5.040347325116329 -217.34387572614662
269 22216.806311368942 276849909.360543 -16.662158153585246 -46.31422507712573 -53.85223699273461 23.95208260803495 15.002290890042374 -31.276693880746166 -57.927698039134214 -6.690401666657522 -228.32391612880087
270 22294.929953575134 277144836.0104743 -55.744165900621 -95.00595322906304 -18.135321284720135 73.8537596027733 73.11639983151034 -38.99420424322432 -9.609840081367281 -4.122272300989437 -225.78476614738548
271 22375.10362458229 273572965.9508107 -24.325064581829487 -50.38163738776686 -35.13391284127334 34.26555339973578 37.000438110924065 -26.743782128222733 -44.72280777837943 -8.283627908395886 -227.64068836093026
272 22458.150699853897 301025290.48404825 -6.706692246757618 -91.44134775325175 -52.93903774607503 10.368529139068222 -8.799589136935369 -47.89257339610663 -27.573933502156933 2.2699020852388117 -219.45181576892537
273 22535.45635843277 283478122.36919636 -3.0201506621925214 -37.448224338183564 -55.66793965217321 -19.097031706520653 -13.825322950131058 -30.215461736239888 -60.25729806609314 -6.096975462891976 -226.43277338970006
274 22619.760924577713 277088121.37488264 -61.34928463221902 -87.86611676130227 -14.401847958929174 118.34564647295637 104.64505584412171 -38.0330261916219 -18.57300386041578 -3.2789073642722997 -225.91254983726583
275 22700.725794792175 276668404.29347634 -31.809177562949515 -64.74785635418694 -47.227280508945526 -11.50608611671413 -19.022586296523734 -38.186095166749396 -47.043538483625014 -6.530117039014385 -226.69656903718686
276 22783.923407793045 280080987.82363635 -16.48541275525346 -54.24190752598223 -54.6525884611639 -3.059567180505937 -16.480031517264393 -37.02903223750701 -58.23856814152862 -6.1097318599478285 -226.30267038257568
277 22870.145093917847 283151514.8200657 -23.92337092416843 -77.0571775906121 -51.628018235587994 17.485783492162742 4.672197044877797 -45.53346354660664 -47.51101418015577 -9.472467765323927 -228.6459092975245
278 22949.510493040085 278463450.92305803 -18.515053429880986 -56.25766756894787 -54.694481867740194 34.4288363465743 26.238211478114373 -38.11471899408167 -58.253450086827854 -6.944453289776561 -227.15523967026576
279 23030.6552670002 276897676.2740218 -0.9046674805378716 -27.10867573075442 -58.270562554314154 17.947651382485525 27.951524470241985 -23.816881660621505 -64.80278558421628 -5.596465267715871 -227.35309896620436
280 23113.58128094673 275321525.03670686 -12.219683821228905 -42.733134102325174 -47.44363197592335 27.91247200918475 30.60489110436246 -26.860712867872905 -53.88674115663787 -9.199686826673826 -227.87046790251082
281 23194.746720790863 274795321.3589139 -18.990218888039006 -47.36212957305598 -50.977892598161944 -5.631955615836517 -5.246127571178327 -30.850822081887827 -55.10859214218294 -7.0656690164166776 -227.5394681550012
282 23275.842032909393 281936165.4586106 -10.603536849891764 -73.56518268156549 -50.91741387005066 -13.298151815491622 -14.154784613771303 -41.238348107482864 -39.513957851680175 -7.879693325566791 -226.59995261840743
283 23357.68514561653 282072815.8323396 -7.6156413494412485 -78.12802991384233 -49.45944036173715 -13.082631898590122 -15.206773254746562 -43.91578797592314 -41.5356933673682 -7.217054487124642 -226.90805067336242
284 23438.570866823196 282040737.2213894 -17.276257177915017 -58.10088355130136 -58.53919180215513 -37.373697106932596 -60.57683551109597 -41.27824153062403 -61.77885213189211 -6.518256075970896 -226.2726368685844
285 23516.92328286171 274751194.6610245 -9.992006980530306 -39.41589445905208 -54.84270017895881 -19.282666964165465 -13.954571649969749 -27.614630528586645 -58.9470730609392 -6.936405684221256 -227.40666431689976
286 23597.87380003929 279547280.3285526 -14.192891786558649 -71.95167205058058 -52.60415186712031 -25.753670517856683 -22.33324348125346 -39.27921892850202 -38.18061807411425 -7.816032379018338 -226.00167853282932
287 23679.1251475811 277057818.8762818 -0.6997298336734241 -57.82655090245243 -57.45338890453731 -7.519139547545265 -9.533506473089728 -34.42045148521822 -49.75284570610171 -9.598765050502095 -227.21721908032305
288 23760.820382595062 280711337.2896844 -5.158818032642058 -31.64832176724696 -57.22597762797363 4.1765413147526615 0.2858990309391629 -26.485485540671903 -60.18002617576633 -2.2741880614831302 -223.75826510410246
289 23842.901678085327 279172078.3120934 -5.0092364386465436 -41.97382635121823 -59.78932341212079 -29.658438093573906 -40.06832982517509 -30.404953351475683 -61.99805908724227 -7.690015606192048 -226.92169546260828
290 23927.510516881943 276457864.2108959 -17.2164126850133 -68.10507109386215 -53.16491139095621 5.238342194162151 -2.262943176696643 -40.17467020275882 -49.39713540346503 -8.51228734548215 -227.0288227936714
291 24007.994641065598 274572481.7730955 -12.681904119047392 -43.70461403153643 -51.02218768241126 14.324393781329434 16.050252663267724 -27.668522207403555 -53.48512890087534 -5.4929558203309625 -226.82651566003187
292 24090.977339982986 275605350.247378 -11.337741498385842 -61.15565381333036 -52.84472366452713 -17.82819139507007 -20.262321206438948 -33.95843189694517 -44.51633408844492 -7.863667696167624 -227.52064855057637
293 24177.584598064423 275553732.28094715 -28.534665568053317 -77.17521394901752 -44.420410071233526 29.43318295715725 24.935175913298988 -39.59987299220245 -35.47848309850946 -7.765413303483399 -227.45002671148893
294 24259.833383321762 299328578.647081 -14.57240523826108 -64.7641204380201 -33.75636384541272 26.261690735490177 16.75776462597328 -21.818055784316243 -6.11258232972034 25.762544994564223 -202.11531523775386
295 24341.647965669632 288768147.4825494 -8.275389732568236 -47.2873986937616 -56.18195439017104 3.0533109372565406 -11.88684429800432 -37.21038439915145 -61.68868419731484 2.7396518572704736 -217.98385829472494
296 24422.40397119522 277520585.16517615 -13.631966140414455 -42.314055923593315 -56.57346701769505 2.956809300130679 -1.3545692125558517 -32.21935242614205 -61.68802913372468 -6.794239226983791 -226.5216382039693
297 24499.951540708542 276953230.36547285 -11.95382978078954 -44.047820479669994 -58.83216351783561 2.184367204011302 -3.5182398512600788 -32.70950633684237 -62.951778422593065 -7.01399764117815 -227.5654087183148
298 24577.84477496147 280652603.66375434 -28.027326911260616 -64.12246383478434 -41.78532692784256 -8.319413966808398 -8.62942834408703 -37.90069618192092 -45.75544601732719 -9.598787330820244 -228.01974561608648
299 24662.56040906906 278108873.6712864 -16.19440406504536 -57.84977457228389 -43.2908377695539 -26.480121460061568 -22.501543390272435 -34.43989864453545 -49.49128618235653 -4.432806775683559 -225.24313129300305
300 24749.03799724579 275797202.0895059 -8.821645590095883 -56.096317612479595 -52.09931614327908 -5.486895535582107 -7.067689920124941 -31.79290545767293 -46.60064901480405 -6.6631502281945245 -226.77007930833844
301 24834.202572107315 281014940.5792818 -21.63100940176672 -69.96199770233913 -47.26025169852384 8.064785862322395 -4.178401237327163 -39.21044360642617 -43.84582267320741 -3.258842413860009 -225.036840902932
302 24912.348190784454 275725379.5153216 -15.924163618205572 -41.24805101499705 -53.37641942466841 -7.006326162024678 -5.839946496874749 -28.8455584230162 -57.53378697442662 -6.4054469489354915 -227.1177003156888
303 24997.41434454918 276329851.8098878 -18.146447765437426 -48.768991406034715 -51.84478864905966 13.669272612644221 10.420965266812672 -31.553058120332764 -54.069133929912255 -6.218980860873614 -227.61780883962496
304 25076.31730723381 289478500.02251834 -4.894438023174219 -39.874708765250936 -53.648115102020675 13.0736752711681 0.3375694753023142 -32.867025433749916 -55.60004933997823 13.939334729585198 -211.95929998091464
305 25157.879561185837 274839554.67667556 -14.559313375349522 -38.798042479535674 -46.721171935750334 -13.975990402915869 -9.081219934356271 -19.183741768752157 -41.63851701719926 -5.904418461977571 -226.96168712346582
306 25241.312360048294 272984500.9495265 -26.806265452738113 -33.867005528280174 -26.2971583222946 90.40807282299988 93.61498972712947 -11.78926142359694 -33.67657180788581 -6.314589275144385 -227.21699306710985
307 25324.042253017426 274539427.531558 -6.204659843118552 -33.603623970196765 -53.97919113661815 -18.969951188618253 -19.211150849283335 -23.039017223067503 -56.78942601099163 -5.657290010735096 -227.00441823543224
308 25405.962814092636 278392731.08686346 -70.70095585766883 -92.78220687946046 -2.415717399297911 121.87869236830147 126.41879828853337 -35.94667472959941 -4.746322543403949 -0.8203400455014958 -222.54305031474496
309 25485.31789445877 280549656.5517158 -3.273794356609393 -19.510573779891832 -58.42586226389709 -20.81147285390994 -19.49589478176054 -16.505223507689493 -58.20808452020327 -7.024981446167203 -227.6540491523346
310 25567.37638616562 280995742.4362773 -15.538710532799286 -54.304774951445474 -41.82617152825376 3.7330954330289146 -1.8590859814084286 -32.667467016801595 -48.55348362746554 -6.9058210487847305 -225.5972911687321
311 25649.596646785736 278189715.072868 -0.3825081705071476 -8.564794895152744 -52.66296696524612 -5.177956059653177 -11.932545753386194 -6.578338229803819 -54.50081300019917 -4.858851907933399 -227.51866306208416
312 25727.49567270279 277521398.35883445 -23.963508275818864 -71.63556688251407 -50.68438483939613 -5.960695305543318 -14.090911157439821 -41.50391432532996 -46.22822333107058 -7.03755771062896 -226.82482279650503
313 25814.03313112259 274660408.7268463 -17.69837876700148 -47.16100347613309 -47.2273813317272 -3.305883354648799 -3.569858707752841 -27.16149899398488 -48.80622801444281 -5.07173998858957 -226.58216124387104
314 25894.392186164856 304481105.79987663 -3.3814105438088706 -26.876519721139093 -44.47765931126898 2.2662388599638703 -12.191545748708164 -17.253250068286263 -27.006694202483004 35.77068547765475 -193.2049160382523
315 25972.071856975555 279184908.0773851 -1.3805342569224504 -41.00636767371144 -61.44234172289477 -3.966762849157867 -8.669097692898918 -30.51046412427945 -61.78685781558312 0.06224558978510686 -222.73503731764924
316 26056.871696472168 276035698.2631098 -56.2100741033122 -105.54974701352963 -12.899475137792464 107.96294868655545 104.60393887097051 -40.26996112119667 -1.812498772722563 -5.61664599633923 -226.39273633793698
317 26137.197794914246 294012072.9941356 -37.89480360659434 -84.09014063019778 -17.82759809256148 85.37854390635687 54.48781844824741 -37.23270147584071 -23.953770290318403 3.6254144482981587 -218.79917667221457
318 26223.789016485214 276429318.38595724 -12.897091203435739 -59.856258018006336 -49.49113621678372 -15.705104518333982 -15.710052758447528 -30.217038978609537 -37.187474777468594 -2.7573910046216383 -225.82674488887255
319 26305.94314265251 274191614.3843846 -20.605833570805416 -58.32571750788341 -37.25683797186576 13.289673332276301 15.149524256851285 -30.66513034753359 -42.70989906558532 -8.852681389146937 -227.5359274112601
320 26385.395196914673 290578768.4365136 -13.836892497430288 -57.37343289385485 -36.56202200735443 65.12408710537785 57.837941860107094 -29.537044395342264 -38.18749897783101 -0.4706576179233366 -222.1734375003531
321 26471.31123495102 299858482.0443387 -0.1406114727017318 -80.48922964763547 -39.938388737870746 42.988425298784335 23.962844958485235 -38.75708281432361 -26.02527084203615 -4.157423448350187 -226.31603819686796
322 26553.165808916092 277174396.65483254 -19.80002436535314 -51.172102059997925 -53.128842258034126 24.798213872135804 21.888865874764072 -34.1483734300578 -55.34196925638031 -7.204721837792476 -227.34175919278601
323 26634.48695087433 274458025.2560273 -11.35268505754663 -37.62574569427682 -53.89521112623983 -26.61031990647036 -27.329200299948 -26.551232504071663 -58.31221460267648 -6.269861857663216 -227.19991018012098
324 26717.573941230774 274957644.85680705 -9.275411429556275 -16.50399805767189 -53.02332877405694 -37.555535985417436 -39.26902702648616 -12.376367534705082 -56.15627525657368 -6.109606413845995 -227.2449367297707
325 26797.15614938736 278522289.97268987 -13.956137453675684 -44.119937759503124 -56.45679039133346 -1.891719736226534 -5.399947543314436 -33.305441118524584 -61.32823301562854 -3.7381537777420135 -225.24157264272327
326 26880.23221063614 287288951.4844059 -0.45664474179322134 -61.276215620448596 -55.44270288919556 4.968241132910812 -3.824613796342131 -35.03455607907779 -47.78847116516596 0.09601381522844576 -219.8844707154692
327 26961.924035549164 284728461.6737018 -17.2534229119036 -58.887620412141416 -46.35431179757085 36.127001082504705 33.238349939459376 -25.5046322197918 -30.110625263152826 0.5731422452515176 -222.45147126907477
328 27040.982400655746 274907697.51132494 -14.81948506495077 -20.499992537814865 -47.1757705285046 36.42805380971778 42.07640151685714 -11.344185261920074 -48.46736930599053 -5.102117587689975 -226.30879475790698
329 27121.42766213417 273262633.67104703 -1.7746232806115296 -0.48629394698135386 -46.52059487961256 18.1953461771271 19.72140075253931 3.6936962914824676 -44.889406917098995 -6.507331827189773 -227.63558019629954
330 27204.3176548481 273446754.57915735 -20.110578805287172 -40.34494119757981 -43.642823631813805 11.271670008334716 5.4082895361271 -16.403844803804702 -35.97253599346698 -7.120081796561806 -227.5978665066565
331 27289.485829114914 274082416.0470076 -10.300975087627382 -37.507209169066144 -54.70862260417941 4.34245265136034 -0.035687004604604056 -26.090153891029104 -57.95609436034056 -7.87671739354181 -227.01851267506083
332 27371.01545858383 280857590.72629374 -4.020978038806819 -52.02096921144876 -52.68731596789629 6.528909283695313 -0.056836641693637446 -30.343964494665272 -47.27207656452282 -8.371001141548163 -225.49513664027467
333 27454.47524523735 274185683.64085954 -26.741911825868225 -46.08330644265807 -39.296406998931374 33.02366117587955 29.20004165386736 -17.35103085353535 -29.392234487023416 -5.701610564945611 -227.04955590212654
334 27536.26206469536 277165823.5018665 -7.403546792889885 -35.744185476014664 -50.32292943612722 -15.97175123227948 -11.697303209806096 -17.83380671600287 -43.198890180701596 -4.927458238154202 -227.12875900142552
335 27614.726957798004 282575027.47842073 -18.62407782111625 -75.82429124326983 -43.27512842860766 2.8288710974631996 -10.148981980858137 -40.329044645757904 -39.64632013667199 -7.9582542483809675 -228.22868405322902
336 27697.669353961945 275419916.2436981 -0.4640089021050118 -16.68534955309662 -52.758739894347165 26.587944487359703 23.672215904292248 -9.10514987320937 -50.33140713761344 -7.2331732695298 -226.1025539010384
337 27779.304631233215 275849067.59603465 -8.934770275041544 -43.06392297929903 -53.7914224952213 4.857902131934438 0.6877164130815725 -29.80929625758182 -58.57484657686234 -5.940546862552139 -226.58211156354997
338 27863.966268777847 275244006.6063854 -11.014183137978364 -21.205084152668473 -46.042874132842634 -2.4663935173258125 -1.065075789549283 -12.512067771501108 -50.80408484285914 -8.248466654476317 -227.53254395487045
339 27944.280634641647 276980495.26965606 -20.51440321844386 -54.97851139183279 -52.241018125333966 29.567712837914875 13.155143334572063 -36.91162917236983 -56.86866289220194 -7.731986676768145 -226.52265399428586
340 28023.756571769714 282321613.17714757 -7.042430016387817 -77.12417299547118 -44.8155111904777 33.68831441361538 9.35609634192099 -36.7750791545443 -33.284599637885094 -5.0717930371219495 -226.38647191424076
341 28105.009151935577 276066354.1227953 -3.3462026682837456 -34.627847530756156 -50.36096854143911 -10.933066440111453 -12.915821087167469 -17.54313170130058 -45.00048997119683 -9.633038663401635 -227.98649929042767
342 28189.32156443596 279065487.6804802 -3.644945117248061 -33.34539091473472 -58.9805107084372 9.73798920544808 20.431436217564187 -27.256246316586328 -60.32650688553292 -5.545068305407199 -225.54912369924284
343 28266.937779426575 277699816.01553655 -1.7269808529472481 -36.18298829698984 -61.84193959430061 0.3237222932978838 -10.521712421863068 -28.89750501823852 -64.0900924401871 -7.212452335427145 -227.0709291519243
344 28345.214389562607 273824620.30731523 -8.833861922189298 -9.167047503598173 -50.03143042744069 46.21256379027706 45.47252562040862 -8.77514469773638 -59.77549417750305 -5.7569610185250895 -226.64653038089557
345 28425.22667145729 277624419.22216296 -13.75619512028547 -49.800933024137464 -58.19201911130603 26.30134661071034 11.035846377372629 -35.18306346768048 -60.41955821611879 -8.532468688755273 -227.35355118355568
346 28505.861276626587 281187496.6848183 -7.919584448052139 -48.774001926015615 -59.95403611629285 12.340137249647668 7.826749288997789 -35.63422898205238 -61.19264210809405 -6.597844654458868 -226.05969058777487
347 28583.967794895172 274030960.06178 -17.859397419989392 -45.30389597747615 -49.94063191809423 -12.626384724844655 -19.37797094453979 -27.659966252969866 -51.585937083253896 -6.3601040429164755 -226.59474557210575
348 28666.842859983444 275787709.5877084 -16.22071343003714 -50.216193371276056 -55.35537920575014 3.2587321972143783 -2.3038332874896916 -34.27320216925824 -58.3888692752418 -7.7652489546571815 -227.5499086727143
349 28748.611598730087 275591057.52869666 -11.617754662508712 -39.70353050409163 -45.535606767601166 -1.4434784711650295 4.175849006838952 -19.779795272681042 -42.21296650103221 -7.479798736005819 -226.41350860125596
350 28831.843688488007 276073272.6635687 -0.7705022086898907 -12.79685919163934 -52.31500116931482 2.536910687179507 10.677885534627947 -9.80749623934048 -56.31009734426226 -6.263820392855052 -227.48834324180393
351 28914.49856853485 274744040.4092188 -5.484989369231756 -7.98484183563102 -49.71087534211553 47.70093208260565 46.133437248116714 -3.996088743684993 -51.523875300972236 -5.582340609286234 -227.0837157815946
352 28998.383787870407 276065882.51639116 -1.0732677802801538 -22.050411421336502 -52.01857420829875 6.616297016894897 9.136382139831767 -15.394990104118165 -54.87998864083198 -9.560715057149821 -227.575024190051
353 29077.571039676666 285276906.35292834 -12.789384666634907 -3.1400990355255534 -47.629864843867935 -21.480576659764395 -23.16048328550919 -6.432306390137796 -63.09371600576668 26.04491318595376 -200.9387777366626
354 29158.393938064575 282415018.46825176 -61.304892900657805 -106.41921774693104 3.9757018543859637 109.85311531273771 96.40928527506749 -38.12384694998974 1.805480031354989 -2.31344524901192 -223.71968107793987
355 29244.94434070587 283771914.1982825 -2.082351830557611 -72.11601618859851 -43.45056368297702 11.10979062310475 4.392452946772684 -35.98546872663201 -35.029794014523645 -6.737885378253566 -223.9750216441587
356 29330.115031957626 275645605.976144 -1.850451495744231 -17.00689295173921 -47.39051809491464 5.2920511136664885 13.926519101656046 -10.566531468435926 -52.108517011689514 -7.131453897218137 -226.95204214900315
357 29409.834178447723 273286459.1449453 -10.698751076338835 -16.129487753052807 -46.9341458832505 17.308714128558947 19.015960789392523 -8.257632534534594 -50.05056648091704 -6.219862085225714 -226.47575514004836
358 29492.225788354874 275125569.3821986 -2.0138845550956948 -24.850170870005044 -59.55573750782315 28.81356300890503 33.53516711588217 -22.75579350267651 -66.21235200050137 -6.428480993510789 -227.089898251261
359 29575.912078380585 285878353.1359863 -4.5050084676987225 -51.63763657311546 -56.84850783515019 19.099323125787645 23.129334147637227 -26.54401598034508 -38.400177808990406 1.7555065645503873 -220.92517789740162
360 29652.53405022621 281879684.42548907 -13.70991250089083 -81.88132791856786 -44.02345540377691 34.21863780093369 18.929497360608952 -41.129784202399776 -39.89724891569091 -5.618922172764599 -223.94262314078043
361 29736.475553035736 285044781.3573758 -9.559280739971765 -27.373541939624417 -51.80154069382667 -23.86375393505427 -32.279898361356075 -20.763693772740112 -55.89421070281986 -2.532904797263541 -224.8016186799706
362 29817.109753131866 278807519.7120986 -16.61221179807755 -55.52448759369868 -47.84093456224752 21.455867601538717 10.052827860763745 -29.285306628327646 -40.2831242461848 -5.898203257260093 -226.07047472783148
363 29896.1270468235 279556568.4915698 -2.600805710007881 -30.74166709015371 -43.702373631377064 18.347670707043285 27.7908923343261 -16.830873288046575 -45.360774968702344 -4.051850146348784 -223.51302529401858
364 29977.979700803757 274952075.9114714 -15.89277127597757 -39.69928839060411 -44.060324133249935 -24.721264530671952 -20.763039897548218 -14.145808800059285 -31.662828633843844 -4.926314948278275 -226.55690933710656
365 30062.84623360634 275828003.1197425 -15.182917851869673 -63.651532883514435 -51.85118185064421 26.412581758405388 22.536029224661874 -36.08217798770767 -44.672318416689336 -6.743182498532349 -226.86375177145555
366 30143.399045228958 281400524.1575154 -14.75238105231975 -49.16445477829658 -51.76091246748657 -24.409584375332166 -19.262146776891516 -30.956843036412636 -50.16171717952528 -8.704449595204665 -226.53694420508577
367 30228.22894525528 276364721.41223526 -3.106393671595556 -19.14696710768662 -46.300267558675436 -1.8528354405234424 -1.4505278539981052 -8.148435685770608 -45.55680132950209 -6.3370766155334195 -226.11568945672877
368 30309.912066698074 275306044.7252701 -24.257256314532512 -66.88571725346341 -41.396041935048466 22.7763091597622 19.438725396219347 -36.82705984678353 -43.7185639667656 -9.249985823263899 -227.117891022121
369 30392.034930467606 274906329.81524396 -32.68901513822985 -55.31041549695087 -41.82462474418969 30.974594146383915 28.79871786493968 -31.429124591931952 -44.827419861716294 -4.653658178963724 -226.18148926936595
370 30472.988645792007 279573382.9919093 -34.25369258205375 -64.49259271885805 -40.37041037551793 -7.31147584560248 -8.182737269605532 -37.59838287233913 -42.55841161225641 -6.996699244495687 -225.61044633683167
371 30557.190225839615 284203392.28564304 -6.7087503253895395 -47.36665183451064 -48.476950716652006 9.055176538130468 2.8619761315038943 -27.952805361087712 -50.054828400313966 -8.288777517373376 -226.66532394803988
372 30636.49769425392 272938751.21309495 -7.780554104841418 -30.16528295547084 -48.83729928905487 3.374151216630608 10.435934549127735 -19.732655132325192 -55.83749823399876 -6.662143801856018 -226.9258899166071
373 30718.60652256012 273585276.3287579 -2.3192237825334647 -2.035906949680907 -51.81207530543782 14.144034500313687 16.598844414317597 -4.5075721386889995 -59.2415907316925 -7.134344922129344 -227.9143080860149
374 30803.068864107132 291091423.2173687 -12.938844258386803 -69.21220145859566 -40.562749836415236 -31.420661833754245 -33.032364127875866 -38.595238301371126 -38.5152906118513 0.07304990825792856 -222.72291157767995
375 30888.89209794998 291560223.8463607 -28.580479713415308 -55.530622623474 -33.6729798109422 52.209587883783485 32.061743689837755 -33.7894220974365 -44.418223933875254 18.391985303325782 -208.05302539166615
376 30971.545989751816 273042788.07989454 -4.4107126051600485 -1.3332282298719886 -45.1261227908611 30.44336816972919 26.10385658138907 5.984893759413808 -42.177288099446685 -6.046061839741071 -227.1191876954232
377 31049.405979394913 278398401.2681889 -13.588410673882999 -41.41146009739231 -54.11511084210043 5.228479901117829 -1.637464533952146 -30.12021362478572 -59.160675014390506 -3.742746843594773 -225.29425524038652
378 31135.43002986908 277245563.053086 -29.93500837440832 -72.1598267948119 -40.35910815728976 23.49965283998871 11.912036711245303 -39.48311347375642 -42.1680469919948 -8.63095238700771 -228.381604698815
379 31218.61225628853 275939690.02740955 -12.443122343705994 -57.38558239103871 -47.29505411773121 8.229353515177934 8.01040341148094 -35.06439721058291 -51.9476135664691 -9.743373992723718 -228.39537587942743
380 31297.020709991455 274371249.3539466 -3.746272246751496 -22.933326734514864 -45.734026059780746 17.21960079195756 18.792342712658183 -5.672783693999804 -37.35788804665998 -6.908009088965059 -226.5016954121101
381 31377.18949365616 281122999.59584826 -12.963777962994314 -36.79410931392575 -43.340840309585204 18.126846596556444 20.53835540887075 -22.216136972964364 -48.47228317394479 -6.453669814992509 -226.85968908880568
382 31462.33802342415 273811512.2243659 -9.682813845138408 -28.383925587849507 -47.210834480218864 9.264920096040342 3.01423008589717 -11.99380037691958 -43.84261226713909 -7.5965602127835155 -227.31840579097553
383 31548.37648820877 272774975.91208017 -21.65987722480196 -48.04359702567627 -44.12083287930486 17.291196382285214 18.916856061566847 -26.602627973527262 -48.02546049798457 -7.683480664295246 -227.92153722861968
384 31627.398738384247 273115365.0116508 -10.536129649470553 -29.440461574528655 -47.30953332883755 3.7312580844594763 11.12491645748668 -18.996609900706062 -54.426397967056346 -5.677560766951444 -227.0887702614698
385 31707.45835995674 273771395.05375737 -27.129128590200693 -45.68930916005422 -1.795246767532035 112.35465282003747 121.63885718289981 0.9586257145736568 4.533786821290562 -1.926616860716308 -224.79836527010218
386 31793.285813093185 273710740.0755344 -7.351481977064465 -7.208214969975553 -49.75247044559979 7.444797742599832 2.6800629779703886 -5.178679911509278 -54.104346663720435 -7.256204221559415 -227.6773555585113
387 31875.35054397583 280235001.54753095 -3.5160075078177213 -14.767818835008828 -45.10390462901947 -14.54318447459498 -13.293156489272672 -10.54917212228105 -52.93308563073526 -1.2747746943161928 -223.4884477040393
388 31956.315267562866 315921528.9403392 -12.902722374941181 -82.29666629984567 -33.873565791886065 28.433839260830453 9.045760131500598 -37.84491506194752 -8.98654118690024 28.38087931908376 -200.2621571398762
389 32039.73065018654 291269875.41411334 -28.312023512006228 -79.64424070565832 -38.14003020460538 -11.509214815783643 -7.748065832224374 -41.38433925942911 -32.87772310866916 -4.800306703790852 -226.2396853059401
390 32125.274219036102 303986607.25940853 -0.49796420676532627 -72.16289008605247 -35.677247250495626 -8.90421968883259 -20.926108490679855 -37.66748109569585 -25.18517685749947 3.747275401355978 -217.7175394965667
391 32203.378314733505 275819635.57574314 -8.619809351098015 -11.487894648994985 -57.61673789459492 4.270307140228461 -8.043477004183798 -11.993606871498855 -61.48843526635437 -2.9635495928977775 -226.97344951875118
392 32285.164984703064 276385290.27286583 -15.144827450001067 -49.78510706938444 -47.67002645362214 -11.667654671924211 -18.509731005788367 -31.034284748155244 -52.2142530226277 -8.363890355020203 -227.753567115142
393 32362.194497585297 274155833.0005984 -19.010908119396785 -22.465746845628715 -50.12713950297465 7.174434536078188 1.8587796748498278 -15.320932791027076 -56.25315251894125 -6.1477473625546395 -227.60462088086956
394 32443.502552509308 280643470.9733933 -4.283995286795869 -37.76604747870124 -64.7471536895017 -2.3963789293381126 7.811285976056382 -30.642015761025448 -51.47674951188583 5.922914767612895 -217.64882846184696
395 32522.8308031559 305946486.2943493 -5.835086450020989 -77.73367052393047 -32.648507396255425 55.33621576410475 54.336226222392064 -30.962317169836183 -5.625714374484971 23.067563976142083 -212.3215463133527
396 32602.376774072647 283553317.93569815 -21.488034025177335 -66.10960112719603 -53.36025189984628 -13.181579004166963 -20.076392587744095 -41.347559945844864 -49.247550702332546 -7.050772483300591 -225.45099317800015
397 32681.516946554184 277421915.34047055 -24.535880033420504 -51.25354531253246 -46.989753799097095 7.795407851557933 3.9519674386409047 -33.03038646803259 -53.786261091141114 -5.541885286973695 -226.17029073193117
398 32763.987402677536 278546737.9976587 -47.22672984721352 -81.36622338950872 -30.37094374260687 29.478830975939502 19.124729482774978 -40.369046549110124 -30.36562096016445 -6.986663382568679 -226.98235929381576
399 32846.01522684097 281233137.19716394 -7.797886420084911 -50.97330917345379 -58.74534885772343 -11.26341838121796 -12.360299722678798 -36.960454878620226 -60.54343175545597 -4.575728858352079 -224.58442297380498
400 32926.01277399063 278089592.407323 -34.09998409962867 -60.914276874744985 -36.54942940328006 53.72310314965168 54.34624926850715 -23.36793469161819 -20.84762106049618 -3.3752903622983013 -224.81927646302313
401 33008.83806991577 284146130.90439105 -12.899882870346513 -66.67649522927209 -52.56595674146768 -14.540069662333629 -21.79712501943893 -38.17749751110887 -44.730428493978366 -3.124461006643628 -225.87337303793083
402 33089.239854097366 286349818.3415386 -27.317272185972982 -88.13894566661838 -27.130289526915995 35.53993580433616 44.790979813185785 -33.043490320334115 -5.259127136893369 0.6785079801118741 -222.68535674109285
403 33175.56149530411 278656499.0980515 -51.84687026298872 -119.73889738208764 -4.735567253844046 111.86354819036659 105.52047574495397 -44.72163887564858 2.6193589633973033 -5.300154811972845 -224.61554906665515
404 33259.16016149521 287218070.1276423 -15.557460245380128 -44.6524509906187 -47.56445494337447 15.805043369731706 11.331002588519961 -32.32070479645961 -58.146233607447414 2.7439816198127573 -220.42005921327444
405 33339.60953235626 283670064.9777313 -26.446119010059746 -58.63506370021099 -46.57784260133935 -11.163640987916608 -17.480890060775174 -37.30748798973627 -50.71672020272575 -0.2685725240077659 -221.55124337794985
406 33420.45488476753 293303954.7570729 -7.662243518748704 -9.721135420166327 -49.32995376033511 -4.192090279771733 -4.304785357398194 -12.825009325725603 -65.80437860140529 32.24738280472354 -196.79690668141296
407 33500.41271829605 288790305.247433 -19.999914803715974 -54.67533660847507 -44.73549627376667 -20.976498042598607 -28.847871566148083 -35.09763926347597 -53.377789112064136 4.797796105892473 -216.14342901010082
408 33579.49942827225 291531791.66368794 -7.262880326227744 -35.82457427809938 -51.14013525426173 19.104484861580367 2.456567678299365 -27.512530412723038 -62.079637610261216 11.881553990004193 -211.59271043840738
409 33661.998589515686 286764476.7533037 -12.86700090395375 -48.95566493166923 -47.136534907416994 16.0509470496229 19.090408689753854 -34.437248186090414 -55.40782874336338 -0.046899697839080545 -219.8531352162707
410 33749.38282608986 274356654.0308477 -69.1072723705653 -105.98485350737364 -9.652558558167286 141.72449949795728 135.3082455807588 -42.28165680809326 -4.655846300066173 -5.791054520717239 -227.14996494591787
411 33829.48884701729 275711388.0896395 -13.362284129558656 -43.814320247225886 -55.68229669751584 3.2858327124542583 -2.1645650767432656 -30.697028340056534 -61.13465191674214 -8.285428169625334 -228.28117551396377
412 33917.174193143845 298105740.033321 -7.143391394905714 -61.72695056739937 -39.93686930287481 44.36183207751505 26.89327798686874 -30.525116430323408 -40.55099770614578 22.326140924097444 -203.85216047097992
413 33999.99446225166 279747402.56794196 -19.4441397564832 -53.24227128067933 -45.14134823785896 21.165256579621058 10.166802884086083 -31.246563369651597 -47.310580106512646 -6.9118726505537325 -225.79736269565012
414 34075.47238922119 274608026.71032274 -12.791863208341823 -38.74439454483804 -39.18512662588111 9.827866871286929 16.829886463842975 -12.986369925993301 -30.6099386197144 -7.927542136263298 -227.22268200567606
415 34155.358870983124 275622009.2998357 -8.899799144344374 -31.496185959679924 -46.90309321547796 17.016808586992013 18.85839786758057 -13.535126996049655 -40.4818123237946 -6.450701411059981 -227.46067738437415
416 34238.87072300911 273455354.24967116 -11.241617502005077 -31.966398848960814 -43.2173456972926 11.771190501399019 6.830936669423389 -10.928793315111363 -35.583151621229945 -5.384691063379705 -226.59820076921108
417 34320.3981013298 278687991.163394 -36.97936385444019 -79.46724171495732 -37.694028984140324 35.214132328236985 31.819788390711196 -40.64220474520158 -23.860058511702164 6.224657296417092 -218.15719944934193
418 34400.60381746292 284571759.8217132 -44.56766537527903 -100.37743491032721 -31.828595786717678 -3.4033207537279893 -10.770334682421256 -41.04928650471737 -8.139379969279844 0.7484545727430145 -221.37447229704696
419 34479.08182096481 275517096.57813704 -6.475891408754874 -48.77258484116194 -54.43123066748935 35.84111192363583 33.594304076086644 -28.75669370910356 -49.92863893865899 -3.8626285671688834 -226.5691558755076
420 34557.55420088768 279030535.3546533 -40.783415240834344 -55.07505534795461 -40.0996216010171 12.728975855676879 8.87728564026157 -28.116843081280308 -36.35988612595207 -4.23868234682044 -225.46771337536927
421 34639.27527022362 279867686.6634493 -22.830350298431206 -63.705247545562216 -39.969644894192655 31.58612906578328 6.692168738065177 -37.62056907912381 -51.305625936115746 1.202787678229356 -218.72745235415545
422 34718.5802128315 276184907.6293466 -9.443996979509539 -47.22861886453768 -40.5268307560121 -5.588304392922673 -8.186930138942706 -20.93612668021683 -35.324792858195394 -9.474596333658042 -226.95485431615583
423 34798.874381780624 274255190.0280606 -15.88115625394423 -19.410889313342352 -43.14059988199279 -0.7492816198989871 -6.31497351465493 -8.710471567250408 -46.097440128603864 -4.482422017007764 -226.48776609849688
424 34877.45301818848 285476093.1559816 -15.541138488202634 -65.95424707658682 -47.628698280766585 32.55654337342971 11.382240260156376 -40.66868736642215 -47.34597795873282 -5.381039263472587 -225.34870921396038
425 34954.80036830902 302959440.0954824 -0.7674633845773569 -1.8934839816962645 -57.134452131083854 42.527332568888 36.16014051157283 -14.944743550129488 -41.714301193071435 50.52117303815976 -188.55911245592955
426 35032.98174929619 275802618.7661661 -10.72165551051039 -41.17711037040508 -44.38830774985394 25.083396563148717 34.271212044572636 -21.2858310106231 -44.88770146241728 -4.219467171378085 -226.40976601063159
427 35110.77238416672 280813052.5873034 -31.706521138211805 -58.07732503606417 -39.4879484570295 32.943512926757535 35.63299039260514 -27.935551639432163 -33.053060709047315 -1.789185508695141 -221.07390329030704
428 35192.74171996117 279263268.7036756 -37.06570831612339 -68.62363147429069 -38.31596367119315 1.046123339498557 1.7396360106749835 -35.24723560896405 -34.97188715849279 -5.281826561218679 -224.84407336174462
429 35273.44271183014 273202018.35100144 -18.465263856964796 -21.979377668625993 -45.14836913516258 2.381717271075267 -9.03674530437992 -11.995222822767232 -49.78914683402422 -6.988451624605602 -227.4114960830873
430 35358.23999619484 283037157.20665437 -23.725520637948517 -72.7285439981165 -37.00283329350481 17.67500777591324 7.398871360956923 -37.04647145842978 -30.17689896029316 -2.4697517137656178 -222.18988212503837
431 35444.14977836609 282153681.5045212 -44.09349939095635 -87.10533510100272 -31.048732717981864 16.254947429062042 18.78149628013758 -38.33799122952212 -13.072905770203306 1.4082372934772707 -220.6149989263675
432 35524.06213545799 275209249.3374821 -25.799352248083295 -48.03133329982228 -40.15749917916374 -0.43684609258522045 0.6907123206658898 -24.46321686796091 -42.019380421827805 -5.225674616874471 -225.61192018138416
433 35607.494002103806 289003860.15592116 -10.423005867363202 -60.98820576105558 -44.83787746135854 -1.6460602536059952 -17.557205348851433 -34.732016331503814 -47.138409172761556 -4.719477969545892 -224.31228348354404
434 35691.7154173851 273839529.77379286 -18.633134918619078 -43.43692121313653 -44.11038117698164 3.4238060157187533 -9.446742690203978 -16.080965295811097 -32.698011678814225 -7.054459902672477 -227.11763947828467
435 35770.623786211014 288984349.9364644 -30.31791141492822 -55.80395756270224 -41.10004635211605 44.17110773443671 25.110739447045063 -34.70121715850627 -34.84684407609291 17.953261393416255 -207.58443364729078
436 35851.55117535591 279721418.5478234 -19.180861088556558 -35.471595057921576 -44.546139209763915 -0.1506081021510326 -5.436350102686369 -14.992369880458796 -35.53819613153411 -1.4289129704473567 -224.7520585244834
437 35932.723840236664 274761108.7645762 -1.4493546268785584 -55.46399799159857 -52.699022663442 -17.486921736835754 -12.719378380407283 -29.451508809412474 -43.426837029394676 -4.2165152430039825 -226.5260260820337
438 36012.82931518555 276018839.2972557 -32.45141493855826 -57.68979111570447 -41.16675410191207 3.799650680775926 -8.585743994681083 -29.6261170247609 -38.742707683159495 -5.16170844964563 -225.254790567305
439 36095.42210674286 279106807.39922893 -3.5141883309840107 -21.942854007097488 -39.84106575148858 41.290359593870186 47.06896117775338 -6.16050022680264 -34.753543680603514 -4.943773619082094 -227.77079728484063
440 36176.44165658951 274484469.4403811 -10.211277103215691 -40.06662125861839 -51.13989174270479 14.313108289059997 16.157342245466843 -24.251421558769778 -52.130414555645245 -7.535831039685263 -227.4733831688788
441 36258.30097579956 294407198.8166168 -15.311805281546693 -99.60049034724628 -32.05720484042624 70.12967699804213 36.20795065933525 -38.639845949118296 -14.460264515290135 4.099684358355773 -218.00215770694314
442 36340.99743080139 277918498.07554215 -31.46012170880812 -65.40753535982154 -40.691089330634185 10.7502445085142 12.11028829525943 -37.209647196411595 -43.30726849303181 -7.258422210639367 -227.00874448479118
443 36423.64821887016 283112295.0456504 -9.23472608100515 -19.49069815706589 -41.613746365829435 21.3000945688721 24.523892662017865 -5.543344534892867 -35.47336774125256 1.6013888211186327 -220.9521161663605
444 36502.25486493111 277328497.37515813 -27.09986024650663 -54.71733443414367 -45.76093121632867 -3.2156255206636644 -8.860669504508303 -29.42045303430035 -42.593076289187195 -1.6312305383384 -224.03412927236934
445 36580.74786782265 282029497.7893313 -20.56783562619045 -37.18924490177437 -40.17510506783303 5.8615924103278445 -9.065562603816145 -14.600331235380565 -37.210675713141995 -4.184957198949348 -226.5595217536602
446 36648.93786287308 276319944.59848255 -20.95419492787577 -54.374908476280204 -31.873520468323605 64.17412334185757 69.92206329976818 -19.63773986987013 -23.552029168718207 -4.069929258793195 -226.3960482663132
447 36711.14929032326 296818415.0882149 -6.203922228489903 -54.73926940205258 -41.184893612513434 -0.8494937512682625 -3.74301107577341 -21.801635578144158 -26.16999448873412 11.06592069628715 -211.13497889721447
