1 96.27666211128235 280229365.1501681 -16.427444286515314 -46.29739597847818 -27.59513816025769 -4.081254431804837 -0.0010477812615921067 -9.788508836324695 -16.928260665210246 -3.7447484385014604 -226.7396359047596
2 205.19309496879578 653872689.0067229 -225.95673831338456 -242.55385878849086 2091.306506018828 623.1231807896739 584.6070670443728 502.6608193245253 1313.1712628129683 764.7574260244949 159.0987287313851
3 308.4869656562805 715374338.17142 -102.07946976169407 -215.12767194100925 2240.1650446749627 591.674562508473 525.147045393881 616.3917480782852 1492.1179317245903 823.4740027243345 252.849368437635
4 399.90141701698303 675310963.3414519 -211.29800977377366 -294.1378992745066 1173.4155872304218 540.9414392592695 464.44309677834224 417.27550292818785 1146.0777865044429 752.4252185181883 242.69489068056168
5 485.05371284484863 594189396.0758677 -137.35475801020561 -243.69876844275507 1072.5826378201157 452.8446299463941 416.803762097148 323.7493428703348 920.7876420920727 577.9126798573163 100.02586694534261
6 579.1110277175903 547394446.8256071 -155.3979538838347 -276.10674251615956 1895.4714274004946 590.8482564463538 455.20707120010053 383.9591320182176 1053.2533024450108 512.320216610796 60.10828150313762
7 669.6586015224457 636391030.2437456 -164.9945882245713 -225.08753106023752 929.9706589336806 431.5508461369554 401.33327269692364 375.4749497380765 1011.8550173575024 696.5903633418391 241.27565144911443
8 751.4610111713409 680405632.39396 -140.47329139766202 -160.23888708552224 1530.4819657888236 497.16798810484414 457.8742267148223 546.5369719904606 1295.4786350269262 793.7089954472704 257.0025286261431
9 832.8110411167145 660573928.9602994 -190.2085402808523 -278.17760555162954 1599.506313535884 541.2868598609399 505.29152634090127 400.45184657940547 1098.0367956191853 679.8456322081927 242.17725266846264
10 916.5507910251617 634866865.3244764 -272.9910371288726 -298.7729606868364 4602.777608268536 700.9749044905152 614.8911810867619 621.2128153611095 1608.737916633606 659.7384235669983 168.91666241328414
11 1001.1541244983673 718117239.4352194 -42.67754607885405 -179.06683643321583 4167.899666554156 551.7647099655414 521.0250179353897 558.1315630390386 1343.993810566944 859.1831297189149 261.95586898555337
12 1081.2340636253357 465905244.2404784 -62.07892610295976 -140.33788484117443 473.4763221972886 347.98499160478633 294.62464149147553 320.60246887259837 823.0281853159754 314.68414374930865 11.173445884990713
13 1164.9742698669434 787852084.9117553 -101.39195529253186 -63.75389186430352 1386.4583203936952 605.8133417593345 522.6706923426842 607.028390285788 1384.536185984001 985.2350573728816 454.01088742160425
14 1260.25665974617 796056845.7876569 -271.65282753050013 -338.65758945865656 2187.071009527148 742.231832372376 635.8687491322261 687.9901390087066 1751.988928385526 1054.5953629219543 370.4096531516152
15 1347.499012708664 607608399.8152809 -125.95649379205587 -217.45939596560615 3267.4423511358787 554.3668909152755 482.13024526423857 352.5304806447249 975.2792507045947 508.2063647782322 153.25126288742263
16 1434.3272054195404 532291542.57068896 -36.033181514228005 -55.79236792129616 792.1586262443632 413.3436594462568 320.8788693141162 441.44690998763406 1007.9639678910546 469.75074834589645 59.04399914065061
17 1525.6518037319183 734529376.1204051 -111.67185699747753 -190.9772427746859 1033.6577532023905 483.3770932594161 397.0911479750068 517.634655312436 1215.5229088065855 811.3902232198543 394.93423394766864
18 1624.9945254325867 649482558.8516903 -177.8635469088903 -274.4500529214935 2229.5389430863056 533.862047549078 486.93161007393957 609.3567725939599 1553.7982762301212 674.2719719086522 210.7564838669049
19 1730.2121982574463 781054885.1137091 -210.17437323775133 -291.2867111907954 3556.0243673591326 698.5755553116405 598.3798213010059 597.1490222948689 1527.9262610801886 987.6547643225995 397.9102897996595
20 1819.5068697929382 688032628.450609 -152.4575323955401 -151.72466897647195 2555.095890190387 474.76173194327185 434.4042915906261 549.4089686934515 1258.428828324572 785.5054453416819 268.38687138005673
21 1923.0214049816132 634130206.875516 -50.06469439479886 -197.49927800338068 1709.552148752908 488.56407005365435 390.0564626295987 458.7687774118733 1123.2427349517673 617.5229487216964 225.44097804549824
22 2008.5970709323883 470419898.0180138 -213.09195734564852 -250.22169691239478 1463.5866681248797 489.4175369151879 386.3587552704023 248.78647495035887 742.4292293126618 410.14610942047705 10.132244495059012
23 2104.3192958831787 499909573.9430082 -99.48152227431001 -168.14934562392085 640.7951392486633 459.814654481456 375.8571235173575 266.2235690467696 754.9144494546008 420.48965947294084 17.703148920626518
24 2206.241678953171 708342994.9820119 -277.68913075233536 -294.400442535989 1890.181500372695 723.830476834757 628.2638738464094 609.7660618465511 1560.709356042863 886.5933083289251 242.82708312522982
25 2299.266359567642 617181355.0608464 -296.05087384291795 -349.7713109701078 1983.151837031509 708.419644595468 601.7686620815626 497.1231923331568 1366.8641460129606 675.2929713727262 137.09490220308737
26 2404.206899166107 675015732.929851 -18.791832657918818 -246.65010150804983 1184.7003557574074 496.4151593673193 365.303863147554 507.6814742055915 1260.9548156129674 680.6111247649203 205.58426680804394
27 2510.1026263237 707888786.9471897 -59.07090478676949 -197.85760384854203 2202.734113884385 529.6740472656156 407.8453693451548 505.6151878675636 1239.5648766718355 785.1070096049207 272.23948738143065
28 2604.934511423111 803463289.5306305 -246.4190241514284 -337.05375268682087 6254.460912705383 744.8838110786335 628.6237418903197 595.331455229571 1547.1423230840176 1013.1784346956099 429.3694343399329
29 2702.7334225177765 658030676.5414597 -89.98700080182765 -194.11084393783185 4648.2199321987855 609.282364079128 585.87680643329 508.21093032394515 1219.544060021403 775.7557262276787 207.06595787482615
30 2778.1442861557007 304296003.13430434 -65.76847053861768 -54.94136147775837 9.947837896582797 134.5980597150391 129.0585415526312 0.7862945774572836 28.20120424751019 73.48455240301803 -168.65483619635705
31 2859.1633665561676 280218746.5970555 -17.568252408616164 -48.21152342933971 -29.33593351446683 -5.228392869576574 -1.3531723538001437 -12.51739610086895 -20.015317814140417 -4.540727570617662 -226.90269416115996
32 2940.855486392975 280400842.6042351 -23.103007225335904 -55.07146859567572 -28.934269398210773 33.94082348314909 41.58902043661011 -16.473593709751754 -19.207978974024854 -4.449887247391871 -226.8861840830745
33 3024.261415719986 279706694.15458757 -29.34738042826421 -57.747890758788365 -23.54681040711978 28.60210244267872 35.209791240246446 -16.587561315814867 -16.153817073655148 -4.485853992862644 -227.4875251994934
34 3110.065112352371 279802499.1932465 -20.693610847410138 -49.97938523720922 -26.90430541360503 -4.239202311214157 -0.29003701274295146 -12.762921751922363 -18.412181509567915 -4.82391732548831 -227.406640431165
35 3187.416059732437 279665669.8122145 -22.36970203392816 -51.670959529792995 -25.879176354024636 -3.7801980841264253 0.14223050852104357 -13.041795903949435 -16.89943904618889 -4.708446118610368 -227.59827219459538
36 3267.2983791828156 279636710.17799246 -22.91096318254783 -52.36501917804927 -25.796759991124766 -3.7310401564964266 0.15287456371625652 -13.538938571997903 -17.044427678219677 -4.583292390898521 -227.589535762859
37 3346.8412702083588 279730710.59277505 -23.536022026481287 -52.92519662677269 -25.354145169552524 15.993242012108254 21.937306892316094 -13.600653200649731 -16.698433131977822 -4.491478160391637 -227.42572858056383
38 3425.2556035518646 279966841.3406158 -29.01172572023671 -59.00251556630303 -21.485304463913522 10.513605052288206 14.630957199137132 -15.32647392902868 -12.38843177421353 -4.115294634436452 -226.8832999872842
39 3506.5014967918396 280087703.5115137 -23.137585056012433 -53.39642167113421 -26.283082987395268 -3.7869153411830396 -0.03893413315136485 -14.168744425618854 -16.439905235471485 -4.30570417702728 -227.2512395137814
40 3585.9966967105865 279425197.75535613 -31.59541618470498 -61.458147196536295 -22.424495177165504 41.483636999941005 42.07292518290424 -17.44196934120606 -13.85880720308171 -4.64470572197132 -226.97428426741834
41 3674.6355538368225 352853020.4104243 -33.94306523229505 -40.357458528453236 230.18410908360443 296.58776753377487 260.48337528756764 132.1846031974353 271.9761834033809 181.2030087405251 -125.96615691076869
42 3758.813095808029 311065015.7666633 -53.31937929945862 -37.351630099268014 7.854639742196834 141.26336332321637 143.50884148882366 8.594279479179932 23.35524980145931 86.86388657017096 -158.7902816906245
43 3839.5275387763977 286744618.7837088 -0.9993394679944227 -36.03464086780596 -44.19148627399248 -37.85000176843293 -36.15392930671329 -15.286106234349575 -41.69257422721125 -0.1483473663089967 -223.70788484867234
44 3923.020456790924 284808622.2338928 -14.677667575804122 -51.64149827274885 -36.59307728812904 10.024365116549625 9.947286557182366 -18.438135620015203 -27.875028441807615 -3.5786014072372723 -226.58314046516085
45 4001.8895478248596 282419402.0180277 -19.71169481265235 -51.23305782079377 -31.48406875484089 4.400325723001025 3.143891267660022 -17.740298436295404 -27.469042296566442 -3.359137724993559 -226.26389924736247
46 4087.7676956653595 281373804.68379325 -22.089187709355226 -53.510041678189005 -30.396930391727615 36.83521384825097 38.63070109592012 -18.273958501154937 -25.485365933758885 -4.613580947352489 -227.08403805630422
47 4168.178109169006 283476092.1153121 -15.210422961016139 -46.56826288460022 -35.375187028036216 -2.200453445472718 2.3288144157524577 -17.529030270131216 -33.14721674578226 -2.5652775435673902 -225.4794682915006
48 4249.891335248947 281551260.52944416 -15.688308051460073 -47.17713636208717 -33.42027994274608 23.43108301301826 29.802533930504932 -15.620252010369029 -27.92109432166842 -5.115876558531738 -227.21917408689194
49 4329.045437097549 285496181.37278074 -0.9725035264981834 -36.72691124909758 -44.38247396108372 -37.736649176054705 -35.95888483179056 -13.818110589971468 -37.084247461085226 -1.6690608891026955 -225.21223019318444
50 4404.693515777588 282280325.5080259 -15.57277152499702 -46.68940090059186 -34.39759280131866 3.227297091064635 7.6121254541349845 -16.27519448704851 -29.425452721412398 -4.618544776189424 -227.21069463444758
51 4481.950789928436 283327670.8549318 -14.242062142250258 -48.46822603757388 -39.07670926869591 7.9785573259508595 13.458726219950064 -19.7317491994159 -34.160545186256456 -3.6835564087611488 -226.21609461967944
52 4564.134577989578 278956952.4601313 -31.88263243036195 -58.96184742993554 -19.126725997015846 50.905107935086484 59.617660579611425 -14.940605167306046 -11.693411866336135 -4.3692107681259245 -226.8693492062324
53 4647.096019029617 284278777.9583254 -13.021691686502361 -43.06322041658143 -35.05231049120866 10.120511240033444 15.363931376627868 -15.739347559386943 -34.06122668240499 -1.3965582725612649 -224.9117776989968
54 4730.947640419006 284482766.5286724 -0.6991130950381717 -34.36706803090264 -42.52413798703631 -24.436889530304775 -21.797770510694022 -12.531617127980667 -37.746809833267434 -1.3321891104429824 -225.34472655224243
55 4810.92120218277 281247876.979644 -17.099115602847046 -48.97225473154813 -33.06986711265438 -7.624694388134138 -3.96459057835129 -15.817064014478035 -25.78559143514093 -4.475551954397531 -227.18532742999275
56 4890.025424003601 283811448.24392 -8.458511926204078 -43.77809439843752 -41.17537367538881 19.11427825870036 19.814648986189916 -17.808219403424687 -37.154704218690824 -3.306987703346749 -225.92107537356816
57 4972.584646224976 282520712.7892326 -11.299926659729007 -44.48747049120528 -39.2946319947945 12.805243047891238 13.121805066898544 -18.27090961624964 -36.10205269587988 -4.1449623105619935 -226.44396855099865
58 5054.901839971542 281800243.086207 -14.595939769844016 -46.9293523987353 -35.98842641133554 2.6716601144550154 6.883713764105689 -16.940344059299207 -30.716944806252968 -4.665910407282524 -227.11268629059003
59 5133.336604595184 291981584.57426083 -1.110704100090258 -37.87986624374264 -50.39022265892449 -28.87733625285408 -31.654783081259886 -20.420483165826283 -48.01843964750498 4.235492178858749 -219.89534278893723
60 5212.507835626602 281444307.6749328 -11.422465083934236 -41.44188692273913 -34.86652967551437 22.754590586497272 18.69378427213754 -14.906042581738518 -34.3110120911557 -3.8201758394757235 -226.18158206025726
61 5292.265277385712 283034008.01049304 -2.629894507275359 -35.721593677824835 -40.87233084116023 -11.71792702977244 -7.988214076438329 -12.557102761166561 -36.15467955863903 -4.1314295630303945 -226.51314374147734
62 5372.964627981186 279351093.4438443 -29.050139215865784 -56.76648633296779 -20.177589170973718 42.93808455107228 43.70551484861872 -13.62075165325922 -12.2516378864388 -3.9510215306110013 -226.70427422170047
63 5458.687115430832 285511795.2157511 -6.677582295980288 -48.11312235014629 -41.28436706945017 6.8852635314554504 2.8294095247170716 -20.40851940347079 -35.70298620310649 -1.6949728693579118 -224.1950588927848
64 5537.506150960922 288802572.139574 -7.4768492097549455 -55.37912547015331 -46.08257609029015 -7.518653608517802 -19.941106299631407 -25.919427895806052 -38.33503551534477 0.20014995656339352 -223.3148146283126
65 5623.557527303696 286965912.5086884 -8.444843974610798 -48.486590057777796 -41.373711168475715 -5.339261210044548 -10.249599362032228 -21.494515499808927 -37.1821924625749 0.8403365617328404 -222.62349530672532
66 5704.106105566025 282910657.2549026 -0.37348395022781755 -40.55397720891339 -37.92467722132562 -9.860943936264484 0.8470803974593455 -12.580439705520291 -28.319837248336626 -3.487021374342987 -225.7816309014757
67 5781.54258275032 280210944.1564199 -40.82180798000663 -79.23773464173452 -18.184115181764724 82.34993141874307 88.51265970927003 -24.313268271694994 -4.970788722351642 -3.275685502860142 -225.48823551654334
68 5856.749892950058 281257008.6223437 -16.42165363398592 -47.070673210359026 -33.38611420107758 42.98082347777601 40.81201836219134 -16.634181861451736 -30.075174309499914 -4.63865926658076 -226.56750149920356
69 5940.067378759384 283564061.2829875 -7.706196892526606 -50.80860577979015 -37.00535342173494 9.955990269490137 4.968670243784821 -16.945826521194192 -25.129106883604834 -3.8094504063124077 -226.13434695954243
70 6022.323665857315 282045914.50678533 -29.468117650913953 -71.63300416687338 -31.343039858931498 55.364729564300184 47.77213755661786 -27.622384725789004 -21.33582587248759 -4.463240727566642 -226.41846086646098
71 6103.860502719879 282249433.7633482 -46.74350599770384 -84.05119416526092 -12.726122264347978 116.46286096245433 109.13245228019593 -26.83654010649417 -2.6142460549053794 0.05247551297799191 -224.91261846869696
72 6186.422461032867 290833494.23197126 -7.2247153046637225 -40.47009001333564 -40.503039915561125 -12.346855462064369 -20.41889666798052 -15.084469990399555 -35.36616719000415 12.819258038390785 -217.24471454444307
73 6264.535042047501 292379014.25076896 -10.95584051763446 -34.74772562455782 -37.38835461665642 36.91748135943393 45.735184812552895 -13.990481665769153 -38.64266478462878 13.146081251444912 -212.95491684017009
74 6347.928564071655 282773272.0917877 -23.288720023627107 -64.48073069230122 -37.36783072194798 8.779234616213337 3.829450838540506 -25.238772023580623 -23.58734613902925 0.2046213677868991 -225.64882191086235
75 6432.3927302360535 289548826.82906127 -1.8201364585347353 -48.70914728361691 -57.40744185561604 -13.31123725603323 -24.899026658595268 -27.53462227142063 -48.60561658517821 4.530837560562588 -221.97666293045398
76 6513.112435102463 282740982.8738361 -10.48966532517754 -46.19928854283878 -39.49506437561029 27.831207829249358 31.516351337406093 -17.141004621040793 -30.00877570600386 0.2662053339710724 -225.66755167769264
77 6595.210204839706 288379801.98761654 -36.00604445273911 -69.70300417960195 -36.59931132285621 8.8592118544653 18.471422336538765 -34.0204987541303 -21.491067464794526 8.973491925676456 -216.6646588460767
78 6678.116384744644 285212572.9759742 -27.246475868269854 -72.8980061800898 -33.387503229732886 23.286150506647846 13.63273332107077 -29.20295422324807 -19.90110821181173 0.8175154929218706 -224.89162231772042
79 6760.066489458084 286129088.4699711 -24.1958309241941 -69.06009653160483 -37.23062801408696 20.95519769187761 11.10663408417016 -29.353291704052197 -24.77699733134631 1.0636964337398354 -222.84682578278608
80 6842.5426597595215 279920640.51997715 -25.68734029277759 -55.06595174761232 -23.672513851619946 9.428709377572858 13.995902209169746 -14.122257439549344 -14.683953347588044 -4.10868520573473 -226.79126036132647
81 6921.021674156189 282657362.05755466 -36.42727154353183 -80.8828304909366 -33.975061768406825 34.53020886525659 25.204180321298587 -31.567791411017822 -17.041084848597905 -0.9043420456034141 -225.32491459444884
82 7003.518915176392 288272425.1961118 -17.648632947940605 -55.29654140689347 -41.364457241752994 1.9909416109315714 -0.02297006623200204 -26.738568965494096 -35.64802312118195 4.050405652645907 -223.20224357652728
83 7083.454922914505 281308564.3826265 -39.792210719125684 -46.43102834643233 -49.68687774767408 12.918601978991816 18.64956342385425 -31.542314105152684 -46.281653514927825 8.203558104109959 -219.6903577247532
84 7164.8800756931305 286408995.503287 -4.127987577368409 -37.96819477594467 -36.437783147619236 17.91811784914364 13.892045018946861 -13.630058123731146 -35.28235245066088 -0.658381620752607 -223.79465227535286
85 7239.889305353165 290583948.5840199 -1.1849924208631553 -48.31555893942366 -57.799232756563086 -1.67298492062762 -20.186877390687574 -22.013561704264873 -38.26441012541477 9.81399493423038 -221.1039472993328
86 7322.016467094421 290766325.76944053 -11.880430753150943 -44.27944517028358 -60.469068314126076 -16.138109072327815 -23.872049503667967 -26.256450912633454 -50.03160866303983 10.373412242644463 -220.9808936208671
87 7402.444176912308 282652154.8983977 -40.895320720196885 -77.90611066009883 -31.635197488549352 43.17507011894327 34.889412418456835 -28.633529679086735 -13.19148181932735 4.169774283261972 -224.7014684396616
88 7478.452686786652 300799035.8489651 -13.957268837742918 -68.44064096513127 -35.38295627843375 73.01663221384578 53.99892554457931 -28.952994717526053 -30.9201988311857 8.77187368397017 -216.10465124246213
89 7561.973942041397 292375720.1042253 -1.7283933260934203 -46.80831519943344 -60.20571463519661 -14.828334698016832 -5.718128743406762 -27.028500502758106 -36.94098781953966 9.700570968644968 -217.69490956002738
90 7637.815577507019 286302591.0431862 -15.520103133712894 -52.25804620666536 -55.054628725303964 -32.1225211275201 -25.503664540510158 -29.032912896538903 -35.20148229944368 8.016597971002113 -219.7508703964868
91 7715.918649196625 283840318.3099135 -23.403854192472284 -65.73297644793956 -39.017338108703406 7.794185560145401 2.63803002587259 -26.556493675840272 -24.351809518725418 0.3635314656905848 -224.966627669273
92 7797.451147317886 284137885.01094896 -17.55159266201168 -44.90055027962908 -50.33791939503011 13.75567150470495 4.61418461819707 -24.482323766506738 -46.80863775972256 3.52552529838448 -225.8369806444752
93 7878.364535331726 321154059.1181218 -25.295155740995238 -3.2966262304949785 -22.4941246730982 49.10105348315211 34.4984023729727 12.19666288409087 -18.485337947675703 100.17510181002478 -147.53989656830208
94 7957.1067752838135 287325752.1261744 -13.790803342087807 -33.757544258851794 -53.06617559595945 -11.99089037362775 -1.3443933960825891 -25.278104179767354 -50.94397549036398 7.9119996574438005 -219.37836538597082
95 8034.6208119392395 283441558.79758805 -15.892030104279712 -45.82815089067469 -53.15890275026628 -18.870868630334485 -17.31901728524508 -23.037770280104894 -33.09927731716755 10.411873775844072 -220.3705624394691
96 8115.495086431503 289592136.8791222 -15.375926709644817 -61.7601286381594 -42.12823433095376 57.998508375796575 45.424042649985296 -25.169167141807748 -28.89620768659097 4.592699067600904 -223.47524698741347
97 8190.838845491409 285317353.01787233 -12.571110074200936 -44.82263965276523 -44.14577829540181 17.202722640394498 28.408675390500107 -22.990310043482225 -31.27843187945291 6.570552026978419 -217.76700259574397
98 8267.055183649063 283848041.9826218 -38.29647702086393 -62.25030721112682 -42.46684970835895 5.670120124520288 7.211815645575598 -27.263884432116072 -22.273785361902412 16.333323448174042 -217.0534031131482
99 8343.102311849594 284720886.3971835 -15.567498738538493 -49.50897289333983 -56.432590442118624 -20.85566166574901 -26.260136778785586 -23.8216519281944 -29.015233147508752 12.284779703102458 -218.98626861900635
100 8420.70369386673 287794326.2295793 -8.017941799584786 -39.701447022753996 -61.33458089847037 -24.244505964793795 -23.55339770990883 -27.532944331398255 -50.50981924142167 11.157288469046705 -216.4060072456317
101 8500.080686569214 286451992.0619372 -7.5612383661931535 -48.50559549266319 -43.92643523606325 13.248114812674494 10.822837857106915 -21.5770234179937 -34.89164105104527 2.5441594244401813 -224.64295503580274
102 8575.441829919815 294386485.9088081 -47.93107387813586 -95.8132538662689 -19.269898734853086 30.07200231556161 30.93143808445633 -28.215525356711055 18.069993668336338 20.562997761607107 -211.6892062537201
103 8654.631869077682 290387316.0382254 -1.9812572636233652 -52.551108266027704 -56.895444595383275 -1.6041612560593563 8.137453246001543 -29.101808127424306 -35.70769824764477 2.898595104132937 -219.14024331386082
104 8730.185407161713 285289661.2524583 -1.3507524896939893 -30.180325230056678 -56.35428533262791 -12.975313895848728 -17.145462501361948 -19.79684572289659 -56.08118458536751 1.100017503308436 -227.18904520839948
105 8811.98584985733 287062156.31539637 -46.17422268751865 -61.223294804339446 -32.47254042211265 23.90545695485234 28.72052547121666 -25.933530452288494 -3.4994099956530818 31.189351935036257 -200.52067819898383
106 8890.990561008453 291098063.4636482 -38.40357000302225 -80.03557024793055 -32.89296264693714 30.13664766319289 41.42662066840723 -27.23534563921652 2.57863533258012 13.738700090050543 -217.10039302848327
107 8968.716187953949 285598748.3231899 -1.8209773264159033 -31.239028832899667 -49.84307591129745 2.6084109797328736 -0.07073171322485905 -19.33802780173255 -53.07754038008255 -0.16396685586414605 -225.19941859885955
108 9050.802908658981 288475598.45689076 -7.909535214673881 -54.874121241865325 -53.377085471063836 0.44506289187368964 11.327142012739435 -29.662258031091767 -34.270158414869115 1.1985625719488553 -220.08264179800523
109 9133.51090669632 288608416.14260477 -2.575691727874034 -49.62890180486836 -55.35329801612259 -0.5337822200066071 9.215727459516218 -28.69381782153613 -38.708376818220984 1.7677010776473026 -219.95666180976457
110 9206.817547559738 281011490.7428618 -36.18013952272562 -68.92612374884655 -41.68622505108125 -1.1332491704144658 -0.06286452760167016 -28.698122701161992 -15.280807048650445 7.206862720977881 -221.18279640076332
111 9281.83751821518 293010999.0018724 -3.4231713604133844 -54.17607426459843 -45.095300162775864 25.293921294161382 14.947766629706729 -24.554621589620808 -37.48349900468105 8.10119401181612 -218.00567473749453
112 9360.872740983963 285033475.33854026 -20.069732695092828 -54.12450626867087 -46.82195445869238 16.637598294151775 21.16560754829458 -26.550080436237238 -27.36119358028259 11.443295162586423 -218.12037849626256
113 9437.683143615723 281300007.8284022 -60.03260667513012 -95.67063098008275 -15.482147302769363 87.76298413650781 82.11504790408617 -32.85367172748914 4.5597682518674105 4.321068860077219 -221.1414783665802
114 9516.190218687057 287728439.4615136 -12.994381247976017 -61.16702557529201 -50.794970254412576 13.675307475914487 23.414259445229234 -30.358963954938474 -28.46126650045096 -0.8978819509086975 -221.80419769166468
115 9595.877694368362 287020505.5159379 -0.9721763097886615 -29.020846493568172 -42.150118852934945 7.05282580894648 13.084682028257824 -12.291444305611776 -43.184929468201005 2.508079562883438 -221.27978476460203
116 9671.743235588074 289020707.1386966 -1.2244250889431587 -51.2823303002236 -58.44252148248441 -2.273623161336978 6.943558512951087 -29.063510998177435 -37.98077840112643 -1.0674989699548973 -221.71700729426345
117 9753.682991743088 284922515.1893474 -10.519577111906433 -46.243599809694665 -57.7398869580912 -20.464924624003636 -18.96015566191536 -23.525422317430753 -33.407077391646624 9.874653997247776 -220.0926936945645
118 9832.01501750946 288418986.58755267 -21.82020593244813 -67.24716466066087 -46.109352153735095 15.932742923619806 20.079284791438454 -33.11564451231749 -25.690839174191638 1.832529710726135 -219.88670229623557
119 9911.274587392807 285089427.7099813 -3.4043351179271477 -46.99182640372856 -57.399751270375305 -20.496790801195957 -7.258661455150399 -24.653164853394514 -35.04270763012107 0.45856537420831955 -222.8704888684788
120 9992.588653326035 285398688.3522181 -3.691896949585984 -47.242505292065786 -57.25065136645756 -20.424449451994583 -7.187575155448874 -24.676370704501494 -34.68651584462748 1.078972050397681 -222.46673426498182
121 10070.189929962158 283874252.8541707 -1.1200696138403172 -46.432518289435414 -58.27272100317591 -16.469072089778614 -17.49332584891002 -22.735576650656867 -35.53902955367954 -0.26855060879290704 -224.94249627530678
122 10148.832668066025 291660676.5508605 -0.6163328688171354 -36.223295013211704 -56.779525151950416 -25.16207626146418 -18.438144699673778 -20.601236828772358 -39.1949764228209 16.539357964421242 -213.63067407174879
123 10232.43573141098 285736160.29859495 -1.8421695765060866 -13.069439739607645 -61.123498688744945 -9.225084072868434 -13.385692479491789 -2.8734428520068604 -30.914961773166795 16.151122689269187 -218.75840666610839
124 10309.382471561432 287928214.5027114 -2.270610699012857 -37.555055093210875 -51.51811066296495 1.9929739519928802 10.410137721094816 -19.39545710791151 -36.67228120355884 8.82134565097374 -220.04077584111167
125 10388.216153383255 283356415.25376445 -2.8296515366897186 -25.4404438147996 -52.60356177367869 -22.87960680675438 -9.778669379348946 -15.960602989441725 -44.05294641839993 6.029544196512575 -218.66767939248547
126 10464.07357764244 287124713.671701 -6.848324434225175 -49.75322103330765 -56.53244209808842 11.163302942008272 13.624377950369391 -27.425382274824074 -40.23350495617194 5.465115564157372 -220.0548795057896
127 10541.371849060059 287820410.84764385 -0.6345794569955148 -36.836181224416286 -49.03124430304105 22.718900243992238 35.41999733105332 -16.276903802368906 -30.61639904326836 7.11368408259807 -216.30762378747858
128 10620.519730091095 285934782.5546326 -0.3557681289640584 -42.26471040410787 -58.28144397637164 -14.093783276202743 -5.779750534327668 -22.35217875013882 -35.82562254727975 0.8422234770175123 -221.85590835882425
129 10705.119931936264 292013242.45506513 -4.5612524785913475 -54.637729759483456 -60.36840332691093 -15.908214104845868 -8.0935609666225 -29.930713981928136 -36.13253924967023 5.568278497967697 -220.94560321577
130 10783.460757732391 281734648.38164026 -8.491292444794176 -39.31528472405366 -50.89390263073984 -29.501808735438942 -17.75168140604623 -22.12709094153371 -37.98782717684162 8.422641002767136 -219.2983508615311
131 10861.268216848373 282829821.8917264 -16.876566677256115 -43.395610644785236 -47.97582482615798 -4.062325057246468 -2.5119367436757454 -25.564315657988004 -40.77778102867484 5.4963830740258 -219.40830663466602
132 10940.194029808044 281346145.9068916 -4.259311042159876 -28.238222220262482 -46.08413863485295 13.11700605079848 29.889020630824096 -12.918205473896649 -34.417966847673085 5.806473824166346 -219.3027417451994
133 11016.904529571533 300965389.5268459 -2.4094093899243276 -3.4731067790710917 -30.5244446003679 24.880704553518278 37.85772619558669 4.787045096587974 -30.88001827334483 33.73624506063504 -204.91073754041923
134 11096.997831821442 297723438.9609702 -22.627496365228946 -82.08165176312467 -42.49441207932022 -24.432684748576875 -19.353806764238403 -37.28146697304527 -10.675530003511824 15.20349115420288 -211.00925138277717
135 11176.601571321487 284185975.8582926 -15.115002329911313 -57.57082281529731 -36.81684679298982 49.894978626576574 50.74513217385002 -26.173257557712418 -23.176098786053046 12.055063948847533 -213.70562831945892
136 11257.306788921356 296210858.52277905 -5.945321559698013 -59.8317985632501 -48.07181430762536 -27.456874463046773 -20.16507998968664 -34.61859856368545 -35.42127366965133 20.781390163593073 -207.30141942534334
137 11337.42517876625 282344163.92620456 -8.194160381339856 -34.11214266541483 -34.94763904708799 42.41815893413401 46.806323992345774 -10.085846521446967 -32.097872917711015 0.31898724545993673 -225.1392395381675
138 11410.724601984024 289488253.04041517 -57.82824130609126 -97.3573238878973 -19.685008420343102 87.77548664147596 98.91718101390005 -41.10664599658895 0.8190922698159966 13.592956271339062 -212.33230254727334
139 11489.527872085571 280962991.6657387 -4.7321933722095855 -36.289762110488354 -33.68665412892553 -7.134251450844623 -3.348574558694791 -8.27977529917041 -27.131771254970147 -4.362062781290433 -226.91077394191643
140 11568.167001962662 291894425.25967455 -1.5777651027506465 -71.36383626166433 -51.77350622368564 -17.63764994794102 -7.488148498113002 -32.247875876073635 -27.522632552618177 -2.5255145466147155 -225.48156203072944
141 11642.341710805893 282369080.53154856 -0.3054260947620895 -13.236218148278713 -59.97410742956553 -14.445163519839568 -7.272878247196374 -10.204999994343154 -51.93162709791267 12.884724432974963 -221.18409378341357
142 11720.01353096962 287130797.49364686 -0.328536363029551 -39.246854074105876 -56.99354192892787 -12.503987647591963 2.6467995810684286 -21.787115656079436 -37.788339668959395 6.840321452518367 -218.74814100560445
143 11798.058151483536 281722968.11705804 -7.815680105633354 -33.06072003347785 -49.07076698184971 -28.297222521607516 -16.132960426743395 -18.32704680665097 -39.67039145051734 3.970046865241784 -220.4655242997864
144 11877.845972537994 279958385.94248486 -11.713550762040338 -31.44506695756202 -40.06517708101206 -3.597630464204215 10.817537327771081 -12.089413223479767 -29.082033027049818 5.132230529681806 -219.90248351347884
145 11956.256234884262 288464211.87727785 -2.880852885567223 -57.38804540939273 -52.44882749321881 13.528218589326599 17.117011410498293 -31.269790666205154 -35.47762096003862 3.601359356463263 -218.80759126403876
146 12037.796689271927 292365014.1480982 -1.8231699381422777 -46.80381947208396 -55.03730940604015 -23.553861135664306 -3.243576447849253 -26.119430064915775 -37.02387688913774 6.592221517711948 -216.10514359222338
147 12122.072304964066 284080884.2847976 -0.06078352965952494 -58.286166136111675 -41.785750736565376 31.154498268575303 15.832836304150257 -25.1869701272999 -33.246968410874786 -2.59415920392172 -225.50527374464303
148 12205.19146490097 290329846.9667217 -28.43702223054473 -94.43638651817069 -44.64904183440296 2.2949780582042933 -8.46587111316185 -44.384326476118076 -10.55795180087921 6.904002663200174 -217.07014789460402
149 12288.293276786804 294878535.75696385 -1.341856233041999 -47.96060314615665 -49.997710248322484 15.083501590635183 4.213539225667512 -29.731783320046873 -51.016362747688106 6.643492560837501 -217.38663264173454
150 12367.77601480484 308621176.66662586 -7.123689415485779 -17.78893744679949 -47.72834947428483 4.932778427236734 16.020637723990262 -11.84145305292941 -33.227649541634605 67.66843952313718 -169.31589652656925
151 12458.316917419434 290678566.58099216 -0.9778224731101561 -61.6765094600759 -52.753991251130785 -6.400901894134748 -6.539946757225948 -30.02306015955088 -28.68106220096007 4.343250505363017 -220.47175669973223
152 12539.366492986679 292260312.1325107 -12.268144542217085 -85.99388169937875 -50.24178852771963 5.681300760499276 -19.523250511166946 -42.51636340584105 -33.07445354329758 3.0363715729213254 -219.41609840840476
153 12616.50895023346 292249088.22550976 -23.717747205594748 -80.55420650539203 -37.24328799378306 47.58364369375849 54.17170038652566 -29.02958027557645 -0.10558462520810963 19.198944523043565 -217.2429633290597
154 12701.097047805786 284222576.8052195 -0.17051248459102197 -61.609485414850255 -54.87302666388667 5.265970185199585 7.037161162084461 -29.082389129532032 -27.907017343085897 3.609819572295237 -222.1969259225645
155 12785.735482215881 309860655.4154535 -18.352173795081875 -72.51225795373728 -29.62836885186971 48.933962741716925 24.817003071175336 -28.07223146477213 2.728718930683101 25.558290473765624 -204.08678422474264
156 12863.777334213257 294353357.74860525 -0.7608273097990983 -76.9519456750137 -62.841125731013705 -63.31369705883439 -67.88755712826446 -35.10058811066597 -20.321351192838165 3.2755881324509915 -221.70659946676926
157 12943.006705284119 283541973.26818633 -33.17385459699366 -70.69560317316716 -40.43373529716268 36.87056366714547 42.85763087488883 -32.9907479264952 -21.550921508478268 4.669678580389814 -219.3671140357805
158 13023.379226207733 292474872.9515518 -0.5875799917073516 -47.85268167030118 -56.248925604460965 3.802467912774752 0.041154836262769834 -22.51789460660592 -29.322264602469488 11.181546663956624 -219.16854855280394
159 13103.54820227623 300655116.95903736 -8.324736506065529 -19.196363804417132 -48.96868579517318 -23.513020139923277 -13.872930239832977 -1.207603308578598 -20.05353159428529 36.27814539250846 -202.62399559419555
160 13181.300544500351 291308905.75560075 -13.379040795885189 -80.36097475794621 -41.10367482886288 0.04647011269096879 -2.2819759837466744 -35.697908685877906 -20.455993247742015 2.1027347857402674 -218.45151099733516
161 13258.172379493713 291260141.7666368 -37.95351721585983 -94.69160661683651 -13.588464711317641 123.40911531269003 114.78428250733641 -31.375847867573725 0.4899653073856598 8.441175236905849 -216.9925906836275
162 13337.006835460663 295388973.42277545 -20.738764952064116 -98.8973671421926 -41.2449230263445 -21.2453034068771 -25.901905161900597 -41.68529195690297 -6.317266408479952 4.567171644107077 -218.69631577981585
163 13414.556619882584 321927948.23386884 -6.6087247899337305 -20.876270066811735 -19.888524498362877 89.45588006343631 51.6029684673123 15.284608096066222 -1.0815361911876948 94.02064089431587 -155.12941077440593
164 13489.341501712799 286828949.97898227 -13.166276535817687 -60.008639967337785 -43.77417436031066 4.710303410671919 20.885627370995472 -30.280605743214608 -28.919843889823767 0.7415403168138823 -220.57634845390908
165 13570.292873382568 288191874.77123433 -21.806771377172325 -65.04001826444883 -46.69990307385042 14.412612294520724 25.396656202228687 -32.824471335918645 -28.17920506692633 1.6134941691267386 -222.06389731893063
166 13650.797529220581 287648966.55191064 -4.508202398950237 -42.80198042721173 -35.036811111488184 30.726020386232832 22.485965185385872 -10.653518685517952 -21.688313357900483 16.77465935973703 -225.7479381828379
167 13729.670632123947 291914400.65521103 -12.681557698868119 -52.792374604574675 -52.327719512840275 5.650076351653894 0.633324669255364 -25.34220923154743 -32.506437190331894 4.550208057980399 -219.17977908409944
168 13813.529710531235 293432458.7754096 -22.363865942267527 -67.81038031253978 -41.405714138890836 26.238534860237607 37.69314862480334 -34.7549228412808 -15.133880775463183 23.973098506302676 -203.17904225688238
169 13903.730463504791 298153930.0399023 -10.480194912032816 -50.423790322972984 -19.157742251950204 55.60948014808008 56.10913795496154 -21.967356598196375 -28.168624858946714 24.699187763708323 -205.1520121382781
170 13983.209156274796 280986704.10345745 -31.259871177587776 -67.66530567795795 -28.141092504143806 77.08288302537977 65.68158389336963 -23.343587062359802 -17.15498243496296 2.986305243877041 -225.25391913673457
171 14062.184088945389 292334585.18351674 -19.22247644526498 -59.29071436477518 -47.73662522501591 3.0505430195835075 12.256616944554736 -29.90453051242855 -29.213379072341866 12.806622638283784 -220.9945338245032
172 14145.615009307861 285735588.1187756 -17.70141309704422 -34.960495197928054 -52.23577422842651 -11.494818760225598 -15.087621046561177 -22.27441558410999 -52.370598467001514 8.26575410528369 -223.67052270659536
173 14221.666379928589 283921630.3541839 -5.966877140904282 -39.62582990472945 -52.91757256191753 -0.2911072598345541 8.884837306199534 -21.48743317138667 -36.90190044955091 6.6713728410474005 -218.93173608534232
174 14302.762471914291 286666264.77547634 -21.273685872491804 -75.222112038419 -43.27590341281264 -38.153790950076406 -21.146271273158604 -35.167696816764135 -21.416750569684325 4.412858467890601 -219.30210239183327
175 14379.421110153198 288220552.51082057 -15.103175671758766 -52.57249355682669 -54.76900225528819 -2.4135868377982135 8.904037221557893 -34.352981114958766 -45.1407587510098 7.023450659412333 -215.7450002401594
176 14456.332406282425 289640769.06264037 -16.99182536022196 -14.158083943943108 -54.83209619185554 11.750051826241538 11.213950999751178 -14.815137257327422 -53.687418971829686 43.173303109966355 -192.5542364105903
177 14544.046157360077 285446050.78867614 -0.04122025790845463 -55.55996510619353 -62.75119041493636 -24.40923929935449 -22.758535709180073 -36.07065605670681 -46.9263633672918 9.48806325841781 -219.87116131372352
178 14622.235234260559 294947677.9172227 -4.887211935942871 -58.72955301239073 -36.13376015941124 29.58950291526706 41.2854171668193 -9.30602325749129 12.590252326103041 24.440586902487325 -208.34179205308715
179 14701.587740421295 282603524.003286 -3.2503695955060437 -48.081409908233866 -48.11649076114943 15.048595080004617 19.02411842517457 -25.01378855684743 -36.82938662720443 3.3332763912447945 -221.34170761036864
180 14782.983176231384 284891946.18732923 -1.3062190625932208 -51.97167746662149 -57.84836084096671 22.05746474358994 26.651217514653446 -32.393264834517595 -45.472984082060975 0.24284143158325833 -222.86419709635862
181 14859.353480100632 303355165.70468354 -10.873834516439354 -62.13795663680464 -46.73410403091369 46.791391666400834 48.65587089063311 -26.568599600145774 -19.06810394609812 16.08895254139577 -210.46555975356068
182 14937.927211046219 284667860.5905033 -1.74667925564483 -45.922984987124124 -47.46851036613741 -14.55433602009819 1.004825176938617 -19.471755098701465 -23.778314511236715 5.164894080981867 -218.09493184024785
183 15016.849893569946 291879020.10431176 -5.539636227628547 -69.19741998684776 -24.908642511659423 85.68886995655606 66.92239790090449 -27.70388394519415 -28.41464960977993 7.996958274822873 -215.53683106365497
184 15098.701133489609 286275036.0008921 -0.47364541733545273 -57.68941812276347 -46.79185993138377 8.489061014304554 9.083674607734956 -29.632017840401204 -34.862852532426814 1.2217892763601412 -220.26060960996466
185 15177.659057855606 285409281.893078 -1.5503900341625085 -71.12813224282672 -54.66720598526223 -2.8545031021315452 -11.386419515335492 -35.23272741432777 -33.15271412373187 0.41848013533808626 -221.63879436918955
186 15255.154290914536 292085153.6105471 -0.8521423366707426 -63.36609333715444 -57.568557249821986 -24.464202895459337 -34.68167180173178 -38.19026189792555 -47.0743624873287 0.712686077290698 -220.46050139774718
187 15333.696613788605 291593246.5280209 -0.21361660216002853 -75.52325281834649 -47.99233333948742 8.907856495948451 9.720251249926683 -29.941256934502803 -14.967804296100041 -0.9728337208211428 -222.8708791800231
188 15411.18364405632 289588930.7155253 -0.17885835585232535 -36.04638782369102 -57.67363765732345 23.208460480195512 20.14206560156526 -28.33710396910999 -46.21913303630697 22.984995204431016 -204.0887181207275
189 15485.174571990967 283787667.14762866 -15.21188675533273 -43.094497743051164 -46.79137797575484 12.768525771668713 21.462342085192226 -18.334460562234483 -19.482390956404345 12.704977542061215 -215.26091640494388
190 15562.844866275787 284788082.11765534 -0.8843493725724354 -48.12561054741262 -59.15642950026326 -17.310713031097578 -16.631589656006746 -27.73226171445998 -41.46387750488566 -0.21949420817651344 -223.4656133826159
191 15648.348280668259 294125896.05233794 -1.2179567991895288 -68.56782786752181 -53.03064290518918 -58.1087886584775 -58.479810611686645 -30.549522730459557 -25.655603359395286 0.7235801281868248 -220.23157108181204
192 15731.859660863876 299707967.07301927 -6.073405901066734 -80.82273640476295 -38.34599910715408 30.550209179924025 14.107559216655808 -36.119330722279585 -22.287536869656833 3.3539658563785224 -218.7046563124989
193 15811.040903806686 290180573.1531392 -10.376984617040629 -92.76043294529025 -43.573181783793345 29.9746969960452 30.567521407445206 -38.967913567981384 -9.905874416485176 -2.2624056214331745 -223.59217311380235
194 15894.293757200241 289372943.857842 -0.5689782810309474 -54.11933119765192 -51.20489008565992 6.49267950832278 0.5562469325307466 -30.045369547747725 -42.32263680948773 5.45847315198489 -217.1714485862738
195 15976.470608472824 283971772.77975255 -3.6712241568723156 -52.21374294073518 -47.17824666876779 15.941689576910992 24.179564857974654 -25.320064681485178 -33.95524145518874 1.1192209998389444 -221.73374671979536
196 16060.2664437294 294683822.7536001 -19.302105160780542 -83.02771773986882 -44.503203413306956 -11.190783966832107 -18.5506270881345 -38.03257847076037 -18.950830961947133 -1.6520407880757944 -222.63365908118215
197 16140.25395154953 292636984.2433166 -9.05573104330523 -88.81672241782786 -38.457068198731 -18.413024119281317 -21.99517789642015 -29.436530347070175 3.3068990672414316 -0.9585779310219209 -222.74927162533191
198 16221.285081624985 288642140.86510235 -10.867936928423667 -61.32082698960771 -42.24533094159779 26.046512535369395 20.25085049194618 -21.12206730987208 -17.444419005431143 6.406146044695561 -216.7877534204656
199 16299.653122663498 294168673.6702507 -5.8984374535800494 -79.25800494610456 -40.29428542591241 0.8278766848042949 0.5391824916963905 -25.915716613461143 0.11168378505465171 5.329847658979702 -219.74751027852454
200 16377.767075538635 290752981.88556945 -4.790195053924317 -68.00465324406223 -41.146656498639445 -12.49186401699378 -16.980166796123775 -25.81865673818328 -18.32557792923609 8.400837425654288 -217.31377727918357
201 16456.100155591965 287026309.65944344 -0.6623585455054828 -66.17938599687106 -55.52101677992992 -27.062681701289087 -23.957663511458165 -30.39789040207171 -26.30424357877996 0.878869072266582 -221.4914469189328
202 16533.320184469223 284216283.16556233 -0.9533109863528528 -51.64742992629999 -49.8878180296942 -4.1210987618717 1.476709479256769 -24.54137583667182 -34.236500920125025 -0.06655799673080764 -221.72899521249093
203 16611.033631324768 283910680.93512994 -2.388527319169661 -65.640768851962 -42.39144931238817 12.268531279745389 11.203353215443018 -22.99452719949653 -14.286594906389553 -0.539783459168234 -222.30650951932245
204 16694.364236593246 285835460.1340897 -13.0215263281749 -73.35946285871113 -39.091100906740216 20.41771482183946 19.76678394806919 -27.045626601065692 -12.856405921926239 3.3425147234771657 -220.0200212497777
205 16773.376761436462 283048296.211472 -5.086002415239208 -62.887174178344125 -44.433064358048945 -32.73369323834895 -22.722256591583033 -22.47847482013617 -11.317427475277043 1.070817792198966 -221.2997790966084
206 16850.612430095673 281240730.3527062 -5.8205651195832155 -63.08737705671948 -39.776075660103395 32.6047944734402 35.28783059839666 -18.84349741267215 -5.315034358858782 0.42812559227991187 -221.61017068057714
207 16928.83011007309 290687070.1878169 -9.741686186967147 -66.9325627121763 -42.933383571496904 25.49417324444342 42.424341907546186 -24.24479347821864 -10.015168530704614 3.4439412754844057 -218.66919547295265
208 17006.54551744461 288188123.6735468 -53.745243913721374 -102.27505461516269 -24.795244310427556 58.48779286405609 58.142445724227585 -38.5204813856148 10.420730630831429 9.523951929991597 -215.22764999113627
209 17086.173937559128 294794350.5290152 -36.57146046207973 -98.05099103242902 -29.949139354251933 28.552316750164366 22.50243611826359 -39.8761713632677 -7.569768853699202 -0.917630244418774 -222.7010875321783
210 17166.648535728455 298809095.57135403 -15.385266893357986 -87.0070656453429 -33.069871276670185 21.70692509088651 18.414053802418067 -35.73617274628339 -9.363221919900013 13.571231946761827 -213.82093203248252
211 17240.704342126846 284028207.4968031 -37.5162809882981 -81.18947528784385 -44.55456620950447 8.844211997233899 8.515491242169539 -39.123958336240264 -25.817941332816133 -2.3510991887987416 -222.77021952561967
212 17320.416266202927 283430316.38726985 -8.55974140112623 -55.01008089346224 -57.15907229914406 -1.4020902573744252 4.939622294656656 -29.34631508891789 -39.83546079020044 3.1002097893605765 -222.35688136330674
213 17399.530715942383 282217501.4079215 -30.64305597642187 -86.45219792109455 -47.54109931018999 30.742550406113473 21.755210839341622 -42.52277877195331 -26.38519614515434 -3.006234672665528 -223.3871729310427
214 17480.01822900772 288759654.1871649 -5.911783874659725 -49.186702240486184 -62.43354362413862 -24.07251942001613 -19.27864381640165 -31.01676961887506 -48.409582843847204 6.407175919370275 -216.1889008800983
215 17559.945345640182 283920177.7121535 -13.388387729031948 -73.08364318200464 -51.676096498744684 -6.143932801308885 -0.15454020514510924 -36.024177821246724 -31.090038751043096 -2.599514142168971 -223.0655897893668
216 17639.418873548508 286516434.2019582 -18.054060648999492 -75.25858308024357 -49.56816336788352 -12.913112861599885 -21.035309474147645 -36.87362268321215 -27.386421197624486 0.389506517828238 -222.38808457304367
217 17716.455898046494 283676548.223334 -26.068760833352076 -76.17263692125249 -46.21586681369445 -23.08309240235716 -20.567381492065177 -34.85886278740793 -24.982234710847138 -1.923514299833755 -222.98048155867116
218 17795.809455871582 284476758.975767 -18.201961972980083 -79.80738351594854 -53.43276696461001 -7.910631679896483 -7.6395647873792925 -39.526297318959166 -28.121304772760993 -1.2743744241440709 -222.74939012678556
219 17873.441626787186 280172854.2877444 -8.976569606775023 -57.732000622575725 -58.49825147985813 21.56217681221827 26.538773425410763 -34.246711002935456 -42.29033710194358 -1.8321265400179527 -222.63351280623596
220 17954.04269886017 280354747.7077847 -6.851184082818183 -74.14612606912792 -55.51608525738302 -3.0437051164008935 -9.029241923233712 -34.41654512462691 -22.890101322950613 -2.7045233647435225 -223.71994138516902
221 18026.68740415573 283287548.3142601 -11.971748163271522 -73.90340434021498 -53.64957470656201 4.866832570027405 -0.6815333532456493 -36.21449617278836 -32.13140949063387 -1.969665169867426 -223.97081863071452
222 18102.797062158585 281242029.1975889 -15.151285891488925 -86.57844759012508 -48.79641329225482 7.984904711640773 8.728867282851374 -37.048994723417536 -15.355319081566961 -7.990159458465882 -227.3628271000519
223 18182.946662187576 286488326.82420665 -1.6764885459724042 -81.56616041185671 -51.79723046386872 -36.648510057857195 -34.97933021047453 -33.90342061479919 -17.812419444218563 -2.6603913291527874 -222.94918029017958
224 18262.74493432045 285892124.9682217 -19.203782915908022 -83.48069691608096 -43.66379215717303 8.984317713882596 2.092683003783047 -37.957692074668955 -22.12417113117243 -2.494662231291443 -223.8326608692464
225 18340.387969970703 283121692.2609785 -21.634346090494876 -71.58055439695886 -45.38993760052408 -2.5176280969181946 2.4281996067857627 -31.060237161719442 -24.12899003494175 -0.034348823007405827 -221.41338128375077
226 18423.448785066605 279549424.65569276 -1.3631051833596572 -68.91610344253772 -53.29260055396425 25.636985051141714 29.74440431118286 -29.98546597010295 -21.572027189017092 -3.2607125389647535 -224.02913464357744
227 18499.360043764114 286029551.5870514 -25.661631584507344 -75.30981939547291 -41.44072366552089 28.712481610482076 17.516206770544475 -30.26137172191011 -13.801838061248247 -0.7685271238595419 -223.17712104918695
228 18579.441949367523 280620017.5231446 -1.4023584101815816 -69.65894696684545 -56.631393495158434 4.115786108607836 6.538970919018667 -31.979274626768017 -23.22919972939667 -2.159724791814085 -223.2608747610966
229 18661.11131811142 282489156.3056629 -15.340434293973649 -62.82335973452914 -51.8006776614446 -6.334919901553299 -0.0488890947149907 -29.318608254273897 -27.8769736768931 -2.954250926745601 -223.80065232146325
230 18737.92048406601 281372720.86990774 -1.8891972243905393 -53.52628150994738 -64.0752683960198 -12.878912398689614 -11.753140500720603 -31.82575630555789 -43.99057049169534 1.0930892322576824 -224.25849329173798
231 18816.047502040863 298353035.76404387 -14.195031279035755 -100.95257438133774 -36.919716423171664 -29.283759404562566 -40.1258942343791 -42.29755606422657 -5.996363846021211 2.8618639934578027 -221.80651753307166
232 18892.839365959167 283505037.2342197 -1.2144276824858036 -46.542975060690175 -56.797485401435935 -1.3409133516301424 -4.474648698481343 -21.393604957216212 -38.13019168124589 -1.8927266080756908 -223.10770005049068
233 18968.919222831726 283588676.27866936 -21.495150160178106 -96.95623985718314 -45.32400956938189 9.003600377995745 0.48521849316193677 -41.19905904690671 -14.453457191688358 -2.9549222094452716 -224.10316476641572
234 19045.899691820145 282563781.309939 -22.3687596013951 -68.99926516846702 -47.98379556625429 7.64142587947677 8.012291563660042 -29.929028466570912 -24.361686335111017 -2.837336581958482 -223.7088591015309
235 19125.27647137642 283626049.90485346 -14.945548276888264 -71.94610829023168 -53.250583632675394 4.114930459981537 -1.89978455117524 -35.59858217905111 -33.419669468629536 -2.6353065230621837 -223.66321981077215
236 19202.307194948196 287165751.03989714 -13.721971152086068 -60.214394778006245 -52.35907836638201 -10.771454139604828 10.379951604372257 -27.67959710264097 -25.523210402284292 -2.762082088666716 -224.5481036686537
237 19281.726871967316 295864518.74988437 -21.827828486762172 -88.14801786264529 -25.088721092700233 47.25755288208008 49.96505881819405 -26.354440528047007 6.690093471600562 6.002392927968117 -218.90233447223505
238 19363.689217090607 296944111.0524733 -9.79552258734034 -70.51363133570038 -40.57454913444316 18.646544634568368 6.614947201020179 -30.945259157797295 -18.821917759481835 9.206595610283102 -222.71639353808683
239 19443.922339439392 281587626.0469911 -0.18892534778663173 -16.142686367010526 -64.18717842987196 -3.7620375272163358 -0.7459098948379168 -16.44889764288638 -59.018672029364666 26.47191558439488 -202.8721258650042
240 19520.440752506256 283648307.8535063 -23.053781340989485 -94.01676631285171 -49.51121783082489 18.127038966074018 5.436359663876093 -44.413773682439626 -22.65269711965567 -2.8131907767956363 -223.59019429268068
241 19598.25910449028 300723260.20278084 -10.530494531844873 -73.24348726986648 -41.85399044255729 19.88096401497552 14.100340901875999 -30.336863778428153 -21.524662931179932 20.944104905126437 -204.63318919570833
242 19678.283235788345 285376308.6212631 -26.16638524874362 -79.15987264386428 -48.03322763356519 -35.95821135322088 -33.27949600925199 -36.019982391925 -21.935858847941915 -0.6845346752381829 -221.7272321814615
243 19761.074177742004 289248833.5584802 -29.916347960672372 -84.29262132354903 -40.74796181249057 -2.129849651895171 -9.509402044965162 -36.96599668135997 -16.06741923779248 0.8444812514566138 -222.89605940008903
244 19839.64178609848 281023735.02382785 -7.0125213293996715 -24.913609785420586 -68.36812801272094 -26.597185386133283 -20.442286480307576 -21.58334950674481 -59.269565637852736 18.41811260422662 -206.85410623475718
245 19919.691462278366 280217343.08072656 -3.9611833170600663 -50.98543515089645 -55.311702754871874 -26.70057318673019 -20.96495266197944 -21.99906241099478 -28.658802219929612 -1.5213051787539484 -222.98667617153154
246 20005.11358642578 316935019.17082185 -6.191236749815497 -124.06531053444287 -19.10161484934818 -1.87302120838757 -33.47751139587379 -41.530925607582276 21.060141721939203 1.5336702125133002 -219.67360637674193
247 20080.72427725792 279968461.01322585 -11.127063760075972 -55.42976133947683 -52.01298898548965 26.026093848658714 30.190437353101384 -22.966288287794953 -25.203573142440916 -0.8904569699056424 -222.09922091282743
248 20161.961490154266 280823502.2273413 -0.8760116480847246 -55.61798766336193 -61.62279034269247 -7.08490620306592 -13.717185884136555 -31.62484002183902 -43.24367310030908 -3.836152907313874 -224.43603949406207
249 20241.818967819214 282667438.08127576 -29.874229665512452 -78.63232966837305 -45.564387239418224 8.323558949182356 9.040895982418078 -38.90450538008912 -27.9144548197537 -0.8481795847112039 -222.03289791489215
250 20318.68948674202 288840945.4370558 -15.514317810981632 -79.82554913395154 -41.89155211740542 17.877929233567688 12.809652574622666 -33.41789740132822 -14.383908360263717 4.177326498485741 -221.2264804845522
251 20399.443697929382 279741167.4190395 -15.749357824107847 -65.45234990565747 -54.82949933614161 -8.694185639105797 -8.030137167673319 -33.453528279915474 -33.17652189410245 -1.86005677343951 -223.87073053093354
252 20480.8384680748 283290644.4215667 -18.457943818012954 -67.17963044212127 -46.93065550862136 8.301090771381674 7.601515161738893 -28.22243496630017 -24.08365401345509 -1.8322024893750495 -223.00053186287516
253 20562.18655371666 294834472.75112844 -7.360485055097952 -87.36619953291303 -36.65657181022128 9.653146666052805 -1.7836157808738626 -31.299988865695695 -4.72107041510418 7.907633703800741 -220.45471421087052
254 20641.834620714188 310068576.9229869 -13.184129963680062 -70.82035680707024 -36.35089554012705 27.370827055641204 6.794572754862083 -27.54607730847681 -14.297407116936427 13.699865772506655 -215.05013272640622
255 20722.420370578766 285159272.3844038 -15.717902029575207 -74.45106021575712 -44.80726611517685 18.10811995544426 19.889869303670594 -29.45501338366296 -10.356212046173198 14.32135452380237 -220.68192169332542
256 20801.995748758316 296063936.6478271 -13.837031080221843 -96.7804678300802 -33.28360594700963 20.267415909639166 0.28947189280499863 -32.229800877518926 6.54487878167572 -0.8211504292919471 -222.41275060841815
257 20885.661694526672 286002781.1448673 -19.99951058022511 -66.49184383828153 -45.81884504839166 -7.273276789466635 7.116564004623063 -28.00408418773378 -17.7548502218026 1.6577974801032838 -220.91042756494693
258 20964.82883167267 283215028.99745584 -0.9748995321245548 -29.44960789689483 -47.71783081598119 9.007087641141219 8.565406728547238 -4.885263110782319 -24.73442345351026 -2.5442549973242876 -224.41174899885777
259 21046.90828371048 277641585.91377825 -7.279633670616302 -51.748971617142566 -54.67893869034345 4.924868388142407 6.905493397451308 -25.330788018839996 -35.68190996964938 -4.059124725030017 -224.78832548317484
260 21123.742971420288 291426809.54272306 -22.352642802251896 -89.74363723531734 -43.07576621322815 -8.718540968392105 -11.671590991070643 -36.90797830630311 -13.22387207177917 -4.473220901736909 -224.86895791894898
261 21199.77344226837 282534807.5968121 -10.578798823911544 -62.948851761462926 -51.017862051085864 5.7097996644195135 6.38204392872129 -26.767854584501038 -22.75013103815661 -1.5660383200363412 -223.74217444250013
262 21280.745458126068 278386156.31013817 -2.110062211760014 -59.99009582462766 -53.660369559469075 -13.516055701871906 -14.285726439007115 -22.123108437873043 -19.230069734703477 -3.6959077184586704 -224.97523464161833
263 21355.17169904709 282388893.3532806 -32.65465957045204 -75.1555604739173 -44.70111877491791 28.456152857219298 22.963157895833483 -35.63723028450505 -29.159027838539146 3.191650479676184 -223.52649284511864
264 21429.57674765587 285151034.10281533 -10.490461679603015 -66.2230910834631 -50.86590369271617 12.727058242018224 13.331131748995523 -31.76651841666859 -32.58083059208076 -1.7435037027414637 -224.06433398078258
265 21511.102193832397 283214332.9610072 -1.5777591264674617 -76.82953637343353 -56.97452419864027 -8.797484241272649 -9.62505954064861 -37.43106245338174 -27.621097201594694 0.08472502654967684 -224.04371851500764
266 21591.2826461792 289274007.9165115 -25.56262307565328 -86.60721071314683 -43.25227169998706 -20.577867076254755 -24.183462080559774 -36.08194762072219 -10.832866172714546 0.7996002667183006 -222.06338245798258
267 21670.38660621643 284975819.61165667 -13.653548671393775 -71.36759544067688 -47.37195557561095 -10.756648786802351 -19.53116790383473 -30.312852175631576 -25.196481321742112 -3.3923795401497046 -225.33911978695977
268 21754.13673567772 290891231.8992439 -21.56657192751593 -45.350815436819765 -50.51633887625815 4.919831517344754 14.069129068403434 -26.223820561506784 -30.59132818543503 23.29875500534297 -209.46408297896318
269 21837.537449598312 282495783.42896646 -13.379642973906943 -70.26525876345184 -53.47110334118753 14.915461198037654 10.543806721062893 -36.560421986356175 -34.72138115246213 -3.194704590916615 -224.3935307435409
270 21922.553776741028 298635080.782547 -15.835224231049743 -80.97422526373683 -39.845231381878335 18.24120460279741 21.452865476552386 -25.83302236376869 0.7066227016168796 16.655853884292355 -208.73064014926376
271 21998.93560242653 286208618.48649704 -14.315666189052093 -93.46134358803421 -48.26089537880205 6.973537414350282 -10.822917792549086 -35.48339916939216 -6.588312596313926 -5.843031887070254 -226.41502075604677
272 22078.065370559692 295406530.2921242 -27.454250274878063 -106.69323206472117 -27.20024252470477 13.049074801112013 12.306158088129362 -37.75225457213486 6.940079085217235 5.527161670504256 -220.1724007591306
273 22171.956634044647 726632126.8893099 -149.82835180311957 -195.51354305168067 1867.9227196997772 505.9284179276322 455.15853203353697 531.3105791430871 1329.2963272638199 848.413122764442 361.6565181524604
274 22249.79724740982 290749685.22328794 -24.124835290434262 -98.11013341878099 -41.7576352440391 34.928298761145776 23.169832405741108 -45.99666325291025 -21.01159046275916 -4.62602019384417 -225.22302175118142
275 22330.696875095367 292584179.0069168 -22.007578132922685 -83.92383511641856 -36.49636699697702 13.05674290940415 11.50463850143212 -28.58225921527827 -3.749237784208617 1.4338675601326827 -219.34486119525985
276 22413.736490011215 297262519.6485744 -15.6017140358918 -86.14872644452538 -38.58872642989643 47.56072416521069 24.652633739866594 -33.95806079747473 -14.638216296609187 1.1370654111734666 -221.32108149592466
277 22491.234378814697 302267587.3971843 -4.999415044689074 -53.620751576647095 -47.93245361412655 -2.178454327002079 -19.453852307786768 -24.16738708297163 -25.33911164802231 36.75382879470942 -192.09075642270278
278 22566.837681770325 285241116.0864403 -24.302817764179164 -52.78355874993658 -48.66526683997344 -4.748631502542281 7.182955023388198 -19.546073136321752 -15.625100577551336 21.409360556475463 -210.31206111333677
279 22645.541447639465 300226131.0694235 -19.150739349417908 -66.278715850216 -42.59401898993776 6.380965439059054 3.9591845948678417 -34.61504583735791 -15.471448426847985 30.273743745344404 -203.82333162063514
280 22723.872096538544 284479191.1689253 -16.584607523249687 -65.94426446633912 -49.18638665504551 3.287088639232067 13.03325688304226 -34.763646775121174 -32.548030013640584 3.0696586501456977 -222.88249166775648
281 22803.250297546387 292080813.4933743 -7.586681498689798 -71.22070704887761 -45.23839732229256 4.722783669268296 11.072815630201632 -27.46503666872985 -16.278577023068465 -1.0662182126952189 -223.09718153544765
282 22880.888347387314 294963211.6094698 -1.5693694667642104 -77.78686104821944 -52.18760437989451 -29.171513558109638 -29.31726785118459 -27.873619462523436 -6.253871572598996 -0.19352629351419637 -226.58137005937732
283 22960.69427371025 279792182.7681095 -2.6307858194354647 -47.761645146423966 -59.07043107841812 -21.746607559506636 -22.403610911356036 -24.25498098842445 -38.90470449131021 2.057173409207053 -224.63184898918644
284 23036.57762861252 275673375.17249686 -58.042222120689694 -86.8012038386092 -23.23209685431388 39.049489386460145 36.299273451135484 -30.698986558011825 -2.061941971296335 2.1479122370021173 -222.04050396813193
285 23110.976670503616 294020059.7294607 -8.400863130783625 -86.45130042851837 -44.91361800315152 -34.76802472762363 -31.71230593579513 -39.09713251783745 -16.48292421572728 0.29102585238041456 -219.89719665403715
286 23188.187534332275 283915627.37460005 -11.417596244207267 -73.0642782577177 -36.04370327388618 4.081907238365908 3.2947631593396283 -19.410288225765726 4.145556967957873 -2.0288790089923054 -223.15796615173258
287 23264.57410287857 277688155.4345167 -7.729928062223269 -50.57643705336166 -45.74550005016962 22.202550844641028 18.721866602635814 -19.272681962456375 -25.15731158213083 -2.3054025182692612 -224.07221173664328
288 23349.192667007446 281720879.8666656 -4.1662044619374115 -64.02910552407528 -44.8609678885527 18.378371744438535 21.64741044385302 -19.345834647893696 -6.580743161255839 0.0694527279712247 -221.89288818459596
289 23427.37763786316 284948961.74498576 -34.036240518361986 -86.86595295152367 -40.99216167344122 34.479337606065144 9.230135622833407 -32.31319590228628 -7.410747273236154 -3.345425798974304 -224.17297033887792
290 23503.12816309929 289021651.4541216 -15.994275559033113 -78.16019995836365 -43.12705456229986 16.687899417175462 12.841927854048944 -35.25201303501541 -21.716381248426785 4.233528663453171 -219.29337263198954
291 23579.49774289131 289260992.3507309 -23.953369831363457 -74.6711166010775 -40.680878317870246 18.822978094519534 10.815182800932032 -30.45898220764252 -17.862645778075773 -2.0438379851170794 -223.3329391039178
292 23658.758641719818 290867549.1056731 -23.93576407147635 -100.41367620595135 -43.09795375374408 -8.230721899519807 -18.240872676840212 -42.26222148383755 -6.603809425543886 0.7044981614983499 -223.33145405742937
293 23732.632460832596 287401089.97050107 -0.5480768457236875 -46.57864236574279 -50.36715234645437 -15.173200463503036 -8.01092766477908 -15.250429866964396 -18.434955636741677 6.359462545299721 -221.4253941580206
294 23815.10727071762 283891176.88264036 -4.702300143795682 -56.616127587098326 -50.551703550356464 -5.8417389551878856 -5.864589645991561 -25.173458840648664 -28.847072457506442 -2.109765308850058 -223.65902139852733
295 23890.14330625534 282049506.2843455 -8.606800964577236 -52.18498537739416 -43.862741236068636 5.623578312034084 15.214449915430304 -21.546786431123508 -24.28529662980941 7.702582369105073 -219.3386083547647
296 23963.00528240204 278028190.23728806 -4.908232301696099 -46.524824768857314 -53.19480826130427 25.05625391764835 22.171195266716047 -22.926331620212466 -36.71788841632531 1.3651299891836288 -224.19725827036916
297 24043.137728452682 283994399.5572019 -5.527710831258027 -77.74859413356108 -61.268039203657274 -30.170979957314167 -32.49053545566238 -36.352612831835245 -18.824299981590457 6.141989593166102 -217.37891444971063
298 24119.034206867218 280453077.7041419 -1.8034135418470472 -57.47530773695761 -47.56155039598046 -22.211811580479363 -16.919556832012702 -20.01337339071671 -15.258732849379271 -3.0564854416491585 -223.8562988691014
299 24199.28249526024 311606669.4946385 -5.171670278348973 -82.65906091778612 -23.491581032258075 16.711819160407668 17.402011962008295 -25.275720798770976 12.985978308094104 36.8982789602303 -200.20911034090722
300 24275.503532886505 281007743.98992044 -5.654084114840415 -38.842282514475635 -51.00046214111467 23.59010130033291 22.951848613264804 -12.442785591872848 -26.659696436742024 16.46369235036684 -209.14314306138027
301 24355.481987714767 288259191.14095116 -23.45556345385859 -44.43841227241528 -49.151073489069915 -23.436367024153974 -34.29732376786761 -23.03228381657135 -44.166241313776766 28.159362418326623 -201.0660606857673
302 24434.950635910034 279765803.03021157 -13.174572153879874 -55.193364581940386 -57.00942886162965 -21.04817016343653 -14.989919437503248 -23.80527750545724 -26.856186158572143 -0.2837657150313362 -223.79079634195324
303 24513.471827745438 289156850.2969528 -7.400769531411831 -68.30108061402882 -45.62208315956077 -1.9568799185256935 -11.362177280587055 -26.74479503887443 -17.47909021929337 2.9382401352604575 -221.73491634272176
304 24592.357347011566 308169976.8232459 -3.7453528636546087 -74.34387246530099 -40.10396694107015 38.42630756050805 28.187708556104024 -13.981294862878599 23.935921383937853 25.394872789275496 -209.08813602800365
305 24668.585521697998 290346888.80376506 -14.882821635965504 -91.07163400477907 -50.071286175088154 44.26382749055108 34.264602240619745 -41.027768297453974 -12.120940733925522 3.178191656204433 -220.17658682579713
306 24746.99689745903 280482016.83884925 -12.215470209219625 -53.24830353740184 -51.770936553530134 5.856988811802623 6.728789481167454 -24.659305633012934 -32.146012004014494 -1.9206354771972656 -223.9099388568127
307 24827.121101140976 303676980.95922166 -12.278541630799118 -96.09423777588054 -41.07509195907553 34.778012638435015 17.27673490124478 -39.18071752318701 -8.009138700354868 1.1819628593547122 -223.93511849453284
308 24903.283185958862 310343011.4376768 -1.112664578812275 -68.44648505143641 -53.39425250935345 -12.639440430760182 -12.139510463863799 -37.49956043418581 -34.17377934500604 5.430856971665776 -218.04837552615942
309 24980.891730070114 292248396.61878294 -21.983835703539114 -105.2125914329056 -37.387408517118565 25.45739898730497 12.61189272462357 -36.61562674101975 7.477038138260582 -2.5861985759069057 -226.55635493228795
310 25063.313537836075 295222566.45379496 -17.37656847636906 -83.88502349946793 -35.90892960183977 22.6296750466883 16.437780389933987 -31.966255424235044 -9.268536811572119 11.917327462506648 -211.5751974544837
311 25143.868701457977 288965323.6945165 -9.04292477568071 -83.35023686416136 -41.67665609898943 -18.64223556496094 -19.632140159473877 -29.920642598995755 0.03969171183621256 0.7557375809262226 -221.47039049452496
312 25221.200883626938 284387250.1004648 -17.832978327968156 -64.66589349303572 -49.92011395159186 14.039532032477151 15.613644319248555 -31.777857079031946 -33.25700743553119 -1.3220758024325505 -222.9624706690538
313 25302.99412894249 296559329.96549106 -4.538210994435916 -71.18791348343562 -49.88704063948118 11.88561484392536 -16.48574231772919 -32.57262855639607 -30.477644222992126 10.362208256957842 -220.89317477719584
314 25382.4893450737 286241583.2974882 -16.32405061482741 -75.83748025107374 -41.01668039821502 -30.372255943425586 -28.5817589050861 -28.260938760233557 -15.704695960162098 -0.653796808546474 -223.3650949843102
315 25461.60050034523 296979332.6755056 -14.429820378135636 -63.27723374263055 -29.60011028050547 34.81804332040663 40.21936438754444 -7.553294858741765 17.872281678594504 25.34649468153134 -202.31965216821607
316 25538.563520669937 295122691.9464707 -10.02181005490429 -86.90426238908623 -47.8823299434166 -12.60167842193939 -27.67668927397026 -41.06372618094235 -18.2185148108789 3.8252519424397633 -221.10010529199678
317 25613.8763794899 284034777.3141262 -3.3550855546927956 -72.23594854995764 -55.433818178856676 -2.89424968762291 -12.662989081943785 -27.484848547394563 -18.382742989496307 -3.7282893140250053 -224.60943206356853
318 25693.662994861603 301481150.66455233 -7.267250880956515 -88.72430497215873 -44.02641705645823 9.648572362970988 -4.964456561977978 -39.464972333468666 -23.06893656207353 -0.2607027566064062 -221.56312548742892
319 25769.70099210739 293304995.0975177 -19.778448204127198 -73.10796745128046 -32.0481576359345 37.72180999056555 27.64272638492934 -29.259833931912965 -4.736193011531043 25.06985291419369 -212.21444125757597
320 25850.38362288475 286862256.5924184 -6.068658266191886 -58.98693107055961 -39.27630758334304 34.899941419338816 43.149410162316784 -16.897730798689622 -7.53490500463198 11.835148131201606 -216.2545394690169
321 25929.393361091614 280420732.89010966 -1.1660955689946837 -50.778542415344205 -66.30721988074994 -1.9428530355974374 -1.014371006326808 -29.90269277655426 -45.14818957811735 -5.255060409990676 -225.55505435103186
322 26010.219518184662 297899571.65199083 -24.500032947998786 -101.65644106968327 -37.74316616726433 23.129923260956616 12.547172492123925 -35.90897667636227 7.1300912034134285 10.02714771556964 -214.39035063888377
323 26088.10826230049 295649250.2542683 -22.691497460499285 -95.4388635823359 -39.81836485366485 -8.475655798327317 -18.725402837613935 -40.64946526116614 -16.056396160987106 -2.4886055420830644 -223.55767608764268
324 26166.008120775223 307747562.3870485 -0.6703909571016924 -91.61502633641612 -43.841487667828375 8.956573571637485 1.8528053650654903 -42.07589568174882 -10.536847529588442 6.000083944857749 -218.12241843873022
325 26245.317412376404 297885211.6982621 -14.11210664468718 -100.80421464746051 -41.31436666136539 -1.0064479172946719 -11.117886046410113 -41.369739718310825 -7.882505958674017 -1.5908690153174803 -225.51942876257158
326 26327.15219259262 288473319.1005313 -1.686261711966635 -57.82800351090989 -57.88505353138588 -40.5079262194215 -46.63908027633096 -27.621421949185788 -35.213459422289134 0.32158165851103604 -222.86800694169926
327 26408.623153686523 280299349.6596614 -14.634938848770714 -57.821508193462314 -56.839456219757814 -32.78854106524851 -21.473571345435268 -29.0062659451317 -32.59165196829019 -2.0927080659544117 -224.45057280487845
328 26494.21559739113 297178831.3650033 -8.615553220409524 -110.52277403960262 -40.298951347549746 4.57003951810389 -9.899638067237529 -46.60131515422847 -2.2124221524255177 1.7529949830379223 -222.13798160711804
329 26570.123757123947 281742714.42538625 -25.571771531700072 -72.69829159111272 -48.227001594041134 -16.018172918082946 -10.931651410541805 -28.87883856112444 -14.99485549603321 -2.631166258452083 -223.72821307093545
330 26649.168539762497 283678567.5712018 -9.72528595705586 -56.810408048823696 -47.96133709396152 -34.20316119116219 -22.486524698700972 -20.213191227510947 -16.457964203150198 -1.466952239842442 -222.73529431370014
331 26730.121428251266 279254028.22346175 -26.762448883600232 -70.69717361050479 -47.55467020112636 -15.945017793393099 -10.920826249922483 -29.805883556147364 -18.923859740430203 -2.978865462577346 -224.29571579229793
332 26806.45875620842 279226868.2030687 -3.5703045535232745 -76.14189409614141 -53.71555774046081 -13.781637854823728 -21.751725318345876 -30.471162671436844 -15.755448466905762 -4.972876817046767 -225.83649281600827
333 26886.934893369675 283903893.6678501 -16.096124074044372 -85.88080139608445 -41.097789647106204 -18.95616742289343 -23.208738371011528 -28.12194695411148 -0.196167366991574 -3.632145181442354 -224.3711792532805
334 26961.1113781929 281209922.11586183 -18.490490184101713 -78.73882936853184 -40.06070485608425 -6.235236613474093 -7.460338371076352 -24.770725685562127 0.17293113963847873 -1.5783748142233094 -222.93702067081915
335 27040.26820063591 282159341.3388797 -3.2696925960713132 -11.765686814593437 -55.506911928276836 -6.154440155237623 -5.511770132651659 -4.6435747088155495 -43.23507770784414 26.883782434400132 -201.2196781892714
336 27117.03213763237 300427339.2378157 -0.5043271310126345 -103.60940729463063 -46.63234952500156 5.1355599293519205 -6.96996670037618 -37.095662126629236 3.6418633331052206 4.305965025143394 -224.62317227940156
337 27198.215987205505 290298436.755925 -16.534453095126235 -62.54001735144645 -57.35841377964184 -2.294001332864461 -0.46147072798762134 -37.08742959045787 -41.75140034866928 8.86238723744583 -214.8655884375827
338 27276.3151512146 279094466.8090782 -13.769875969843257 -65.66988602795708 -47.5468386766138 16.690886620879116 19.212575606601757 -25.991747249463117 -17.58917342488877 2.2256602814266557 -223.5653213223802
339 27358.08002972603 296109456.2114453 -16.418877671637006 -102.48885343923895 -43.803894214537046 -1.9173620750788416 -2.5295027481677206 -39.319049475273516 0.5369382050121203 0.5369611021013156 -221.9975657653187
340 27436.901430368423 278020237.534766 -20.145587625792356 -74.27349434579804 -48.17436187611182 16.02155530141242 17.511296190312756 -27.76457619858934 -12.782297844785546 -1.7273795268716299 -225.03561833350517
341 27510.25942325592 277590058.3738732 -27.810630571379324 -66.75101678185743 -36.89502395683019 9.952938087957342 17.508718022279943 -23.974648751202153 -12.26583022591808 13.360769368592742 -210.96743037231857
342 27587.175915956497 282202363.39109683 -35.24907826961472 -85.61193675203505 -42.71496649920751 -2.611109057778023 -3.437191410434714 -32.75773330494343 -6.3104993765957715 0.6209359445832661 -221.05854125303028
343 27662.970254659653 307753589.79875505 -0.9034510571579073 -17.73789410529481 -63.74707181100159 -27.011045233281337 -19.06749896114283 -12.806447196927309 -36.79635689212398 31.6937585720234 -203.92641447390957
344 27743.437225818634 285290834.82648766 -4.960504576267365 -54.47081160030273 -48.54193164594738 7.778873684890918 6.853331083839937 -23.630746432034755 -32.440967617889214 -1.01162060938168 -222.83616465031196
345 27824.12747502327 283886073.6341651 -7.735495343140812 -62.59532073221965 -39.783118272462254 33.33411937005273 35.835819087982415 -19.85238560330214 -12.786098674290997 -0.4045190148134452 -221.7339931302185
346 27912.188438653946 279106528.5466349 -15.584118070167701 -56.636577219617024 -52.973292961171964 24.51394238268047 27.17608818817143 -25.688904870739407 -29.019519018756625 -3.216508231887758 -224.31460610498755
347 27990.26891732216 292076013.2760616 -1.2097482272185651 -71.71232361955573 -48.33073851281029 3.8056193700095164 4.080451916978049 -28.1531386510145 -2.918658504924281 8.806126874906283 -215.2280242088848
348 28072.57310795784 299767246.2851773 -4.867180153486414 -88.07757483164019 -46.268715460187714 -14.573058691170445 -34.25047043141512 -27.18851526888318 4.321224195338857 0.14247590290045764 -222.20930907917113
349 28148.588800668716 284562284.54284257 -60.37432893638434 -93.48630612371979 -2.066314539806548 107.67727939668637 104.93365017080082 -28.938307780694515 7.115047328196624 8.468173234420362 -216.90032876653407
350 28229.166600704193 294669233.88529634 -4.324060817264938 -101.96512831554001 -38.71051133089932 62.22401956457759 42.58533366108384 -35.6273556559139 4.4392786797193935 1.1726975650419718 -221.9645627032305
351 28308.46799349785 283899140.3031714 -33.15834042199012 -91.50338271401152 -43.501158855855884 -21.08040188425896 -23.244891705716697 -43.162215783830334 -21.84679911546334 -1.960321420104549 -223.02415799975267
352 28384.391532421112 280955679.95898885 -7.249181347633068 -46.707049519835564 -46.13839188178756 -1.5729486927783825 6.289224511740425 -15.126838405056276 -19.28444314800271 -1.0443286713922362 -225.04367988762368
353 28460.41738319397 296050808.6060183 -4.484937431965676 -80.17275436337138 -62.897842137191034 -19.349359321959184 -28.083659600924694 -45.7059625718191 -35.17475425165844 -0.3470137133487583 -220.02875987633308
354 28540.934412956238 293076549.7331732 -37.16364860406483 -100.83730330090965 -40.111831547966965 12.085973860494832 5.674376474270811 -49.14684503201454 -17.18660229541399 -1.153761158170994 -221.96485921192806
355 28621.75983262062 280270950.3090159 -44.811475494834816 -110.05727925349788 -33.43605059039351 7.420006254824877 -5.593898076926319 -42.99615604767723 2.2478699206717465 -2.119253319020004 -224.31747255870386
356 28699.282237529755 285742899.696707 -5.868219034664969 -59.866987895637386 -52.465528804293925 -25.900547950741107 -30.004346911915505 -29.721395096889978 -37.28063913118967 0.5668627174550807 -221.72587494069074
357 28773.827182769775 278759112.1407524 -9.843017770356326 -78.06866191709152 -49.29815063862287 -0.020801551878392388 -6.811719006368692 -31.686862176037778 -15.730007689205024 -3.970072618484153 -224.96671538701526
358 28853.336400032043 309033729.2239158 -3.0349993914900857 -107.60961388968617 -49.50896009325035 10.979955173645422 -9.08645324863976 -47.32212032942584 -7.2776433755770995 -0.6278490030926491 -220.72044451432072
359 28936.108006238937 284376297.0301501 -19.478595120989603 -80.0858973312214 -46.31448257813028 0.9030617376434336 -7.9989381319719755 -32.26602176522965 -20.511521667588852 -8.627881925612712 -227.98553060618343
360 29014.05237221718 279391748.86659807 -2.6476841143075136 -7.066734661594031 -55.80013830382256 5.45037794169847 -6.331016943544693 -5.1004307974322955 -53.75154274347426 27.155656511740858 -202.51955370744264
361 29090.27687883377 277901949.5564867 -7.8014315651984605 -54.99962751835807 -55.71207222704712 4.298416019525838 5.684397197728153 -24.970959309075397 -33.15604991098161 -5.362026602853575 -225.71396087637754
362 29170.928672790527 277104379.2319915 -24.57774123059983 -78.58871620862045 -46.293995499826856 9.243673563407107 9.267362483545007 -31.423709323700677 -14.87179918035406 -6.160003348328985 -226.64112466811014
363 29246.054354667664 285445386.93832844 -30.354602788804108 -73.17758473857057 -43.58532538051905 -6.814243073077243 1.952172630040715 -25.863809462310087 -7.068106223730581 11.377684893974276 -214.01931770275286
364 29323.946781873703 301621264.0300159 -5.528399440896797 -73.56413712205024 -41.20579086635111 35.8824057017779 24.137430748258073 -23.55973192779328 -7.876965212982441 6.289306347139188 -217.63409030744936
365 29396.889666557312 280780755.8111863 -16.85747382885673 -42.55309837830364 -56.62871341945973 23.792303342671666 13.68233053480721 -22.27721175319283 -33.93303544998605 16.024978494888956 -211.08120498161617
366 29474.751504182816 277910130.0717504 -16.092671473319076 -54.668494077905514 -51.76260121463097 -25.027046669454528 -20.073605997377 -27.467759522913582 -34.232567503192115 -4.763050636276716 -225.72511810065032
367 29555.97246336937 285479520.9061826 -30.296165033234942 -61.28811714974793 -38.000087473113844 8.438073971366762 18.987554092787523 -22.549215006096745 -13.914469060743954 10.731781529812622 -216.25143354874444
368 29632.776913166046 287518407.1603809 -11.50300080902341 -60.04350740492366 -46.691480410452165 -23.086513385159982 -25.194890078267207 -28.732178319639047 -32.25350748613084 -2.915119141858611 -224.1121030406979
369 29713.900727272034 311148877.6965531 -2.740046197334083 -81.05793780927351 -37.70503590002484 -34.760068897837826 -41.76548536416551 -38.070886144136466 -5.7069727786435465 17.994523433772883 -209.75093397701795
370 29788.17365384102 278146057.8420327 -29.514182076246556 -65.25891092493248 -47.114616878282604 -15.781173883850542 -10.382392047011226 -31.99849291045956 -31.003186479394685 -2.8520058156586288 -224.27168271042603
371 29864.364775896072 297477571.2207362 -27.820752932015676 -107.53634980031646 -34.20924168036879 7.922700648962987 -1.114620288480159 -46.325919822059404 -5.0318339339110025 -4.731687445366106 -223.90727588054114
372 29939.417375326157 279315152.1090322 -27.047266707971133 -82.74135573453651 -25.599550001857203 78.13911408010529 87.32038510291407 -27.166451979583485 1.743514705648181 3.5559200977436944 -220.26200555468222
373 30018.269631385803 283498943.95840544 -25.232970821391227 -45.40780907354331 -43.04231671667664 6.066044703018946 23.673487347538916 -17.736425078766217 -25.05670144110462 1.9621088607436263 -222.9031033825417
374 30095.55584216118 309735840.82504964 -1.3987772298952823 -92.25448716224356 -45.87636264334882 -6.523380596684206 -17.740236925331754 -33.264258643785865 2.263689834294837 7.313643130328501 -217.78787056191237
375 30173.758297920227 287274353.74898654 -34.1683415402192 -72.30937895424724 -32.58683136655375 20.62325893480696 -0.186404966818154 -21.08013658066858 -5.724453740384149 26.609623126417432 -201.0306780176324
376 30251.368273496628 277007072.5289116 -42.41855422326819 -93.6460394349608 -37.84828677950675 1.0702506031274552 0.7630166834079137 -40.408979095124096 -13.719222570707814 -5.049361506989499 -226.23220148194014
377 30330.267416000366 274618343.5003262 -43.82032298693271 -80.03236677606192 -34.405627633418014 -8.405257587580962 3.6754207856298624 -33.3834723416453 -16.398500036609562 -6.347533057027476 -226.9881841554058
378 30408.814475297928 282265194.72611207 -8.687502013130624 -89.91174614666626 -49.51744082240906 37.761007957311946 34.71623472067762 -37.445612228934294 -11.342488114583944 -5.502401200395923 -225.23686942909688
379 30490.69201016426 279464689.6750403 -20.95084017059988 -68.43796001624303 -51.27878997454268 -6.306555049904738 -4.946883099131679 -38.18528350907263 -37.93075348390937 -1.1159177997859047 -223.33796935823278
380 30572.389709472656 278222095.7759374 -22.40058538672483 -69.34603333094897 -45.349166477411075 -21.756544026880313 -24.330331847680483 -28.417628555368424 -21.99982594016052 -5.329141011502202 -225.61573314230588
381 30649.568943738937 296720756.0930099 -29.722073807579086 -107.98302509798839 -42.32012136462169 -27.690127687209518 -46.97838097257683 -49.085327424255865 -11.289749660800965 -1.8875634616284742 -222.8207564614239
382 30727.6277718544 291955728.27476096 -26.243145716975366 -48.26410500779616 -45.041833790384736 -29.90612328606668 -18.04645962547453 -25.03575120420868 -26.426064901677705 30.503777826673286 -203.77574766413056
383 30809.38142681122 279028218.42158425 -23.120461666150586 -70.86655409171841 -48.605161070316896 -14.957595146462324 -9.686813752963012 -35.47261054700243 -34.08987834561418 -6.692087964563825 -226.2855087564472
384 30887.453105926514 282855411.0255384 -34.17315355865333 -61.458611989263 -41.82758266769638 -8.100597221865051 -13.665041155845794 -30.539145854902642 -34.735700315811414 17.047120826696982 -207.7433294284403
385 30961.793569803238 275509621.23715556 -53.29494181053147 -88.66537372942354 -30.520449729101742 44.1721596251928 54.3474130836468 -35.762850228766354 -10.464791188665117 -5.152630406441233 -226.44788936373715
386 31045.943957805634 281618640.2836802 -0.02413848510671901 -59.97837123374546 -57.81811773642589 -33.20654040816015 -29.12113998513092 -32.717601300362105 -41.00252650660508 -3.089870828086248 -225.45077908000792
387 31127.178938150406 274511566.80000514 -24.916840030094473 -63.476127402969254 -43.51091866259833 -0.5336394147298833 6.470059637994678 -29.461589624695023 -30.51754946278288 -7.218464513746085 -227.38377373263978
388 31209.74338030815 275711860.64693075 -44.58213281973458 -61.87395145729779 -39.65579450116919 0.4297690338726383 2.747156218579872 -30.462467356594004 -33.042553107157346 15.901884122146612 -209.31718508950297
389 31287.321957588196 279375030.78384554 -42.03038289014701 -95.61676297373904 -34.90059371878972 -28.638759026282507 -24.535230017536207 -38.85707386544766 -8.251199077173624 -2.288156999303226 -223.26212822413714
390 31368.21222925186 287792130.9442543 -5.541894841454494 -45.797090095552115 -53.719942601149775 -42.12730112016744 -29.480076139429535 -24.275423316086574 -36.33348218150269 9.446350197314189 -219.12222508006136
391 31447.454740285873 276009365.7857655 -43.08731433369823 -89.15056454387046 -38.10252772512378 -11.196147779488982 -5.633878583994761 -40.548062262911344 -19.10205676849762 -6.084453844194286 -226.41627235462482
392 31521.025762081146 286209453.10848486 -23.775291581059225 -58.21914404381812 -45.93827769900325 36.94355321324777 34.947684387429895 -29.566947717311905 -29.606696341269753 13.530244619590917 -213.74865072340344
393 31596.924689769745 278741299.61713594 -14.909131593589445 -69.33583708044027 -48.18678384465184 20.42997422962261 15.45316214125816 -29.01794809614597 -21.998552728634536 -5.345787969760693 -226.20304668738117
394 31674.909175157547 279109043.3074774 -42.924237743493116 -95.36977185060476 -32.970759699289594 -8.098137437285551 -2.6956954390925376 -35.46856214609852 -1.5251273051447924 -2.200314973774084 -223.21765616418412
395 31756.00984311104 277474324.1343239 -12.235228223090381 -71.83721634978919 -48.51441688344905 -15.128191155006313 -10.454488823050788 -27.723178619482837 -15.321883508998155 -4.880817338836778 -226.22667762529778
396 31840.155035972595 274824885.4284441 -33.60378303883016 -67.45598508993727 -38.96374369023249 13.341492287780902 14.684728491263247 -27.930578190441736 -20.876187201789833 -5.658292081002628 -226.77391656406428
397 31915.645206451416 274247869.02468973 -40.49374575162805 -72.74083949353283 -39.83397500042943 7.608987229110355 15.594345569595138 -31.93259258443544 -22.966734143141366 -4.0668326275816185 -226.280769575215
398 31992.626848459244 274850731.0000216 -32.396076755585405 -82.28373578033847 -39.727275933899975 12.055016417915972 13.044565445485315 -34.25156007429223 -18.457754431115063 -7.555725684519757 -227.24291433671317
399 32069.318210363388 275107234.7092562 -13.551807068580292 -54.30760445994121 -45.110840986711196 30.89948503792957 34.19062940769423 -21.262515689458496 -25.97345081782396 -6.633209096002474 -226.3617198338028
400 32149.722301244736 274969840.53414005 -24.621003986568095 -59.87215373273135 -46.94285027623204 4.193398656916443 12.536362370258448 -28.424635961682156 -32.91227297066712 -4.669739680001726 -226.92440179724383
401 32227.669654130936 289762935.1548612 -8.860693517690056 -77.8695590274831 -43.491663269433786 14.883727664281487 12.622411840435326 -32.659637051208335 -12.717128886490855 9.260277214276528 -216.52455398049733
402 32304.622022151947 285250144.34943974 -20.34974646164012 -79.96408487121103 -46.05888333552946 2.5822491410429222 5.8271795428876745 -36.04517150220329 -22.233191420288563 2.669819552087688 -220.57194021146984
403 32379.836423635483 287147148.9081642 -13.94671226591418 -69.6972164321831 -52.82620677357172 -25.305671733322455 -35.25586757448178 -30.999903605501515 -24.089845401032562 5.700294770509629 -223.08183415205554
404 32459.600882291794 275543290.3222858 -8.727331276320182 -42.9537425146118 -50.495192912220375 -7.536912879525254 -0.4635405929596843 -19.2581180851505 -37.24114902745009 -0.047953708813736284 -222.36140223366863
405 32540.670482873917 276577688.1796995 -14.071645611455407 -77.81743982466188 -41.09026057898641 0.4321856284629959 0.7801276753450859 -26.427150037392494 -5.844066108725428 -6.093312208075702 -226.63231256751158
406 32620.21430850029 274951412.9052223 -13.25527676877254 -60.60454980486637 -47.598217256988875 -14.885303026210032 -3.3658455303738135 -28.486199561671754 -32.999168649690944 -7.422830066287872 -227.57922060688793
407 32697.470011234283 274319588.4361175 -33.79493398635344 -75.02479852249175 -35.84178320671639 21.85168484683804 32.07499436089061 -31.95662643189877 -19.852057589155606 -6.037665907281337 -226.94057266344618
408 32775.23969054222 295602079.87939936 -27.010459279999335 -119.13479109349299 -35.268634985209204 50.4823386994738 30.156436369168162 -49.50281915502825 -0.953056411986438 -3.3084116003416284 -223.59565932987607
409 32852.73776817322 281520380.9835009 -37.77217003315191 -73.7929346789999 -15.117972634519148 96.04777544802927 98.89796877330191 -20.75782849824617 -1.4144492005636948 4.672587710493417 -219.55527709401355
410 32931.09640979767 290092341.2499398 -53.1627669134422 -95.12962660744047 -11.754933759556401 115.75067601627833 116.72593670051612 -30.25578951438814 10.315560025681862 16.57683689489761 -214.40092812626085
411 33006.36664581299 288053909.7555077 -10.545885411110577 -67.36171900298065 -46.22248897610163 -2.6727230685108125 -2.3311190633029426 -23.123410259620357 -13.270377671602262 1.126478869121911 -221.52190579866289
412 33084.260581970215 275134344.0256705 -32.310357999248886 -68.14968469740812 -47.6901718926604 -16.54586116956179 -11.058638320845738 -33.974937461933564 -34.28193288493026 -5.581479064332882 -227.2878506221926
413 33165.27257370949 307206955.8241019 -18.344000803041165 -81.18638201885707 -31.022417922948442 25.82594936385449 45.180236978553594 -23.75161676429167 8.610002652590822 21.07001469533384 -206.09032781207185
414 33248.14086461067 283374058.86715096 -7.9442441023762935 -82.26061634492966 -50.73070644034642 -23.404817822921387 -25.92947344539255 -32.429174639703604 -9.322126944027161 0.048379290907178074 -224.02695080088807
415 33328.23450708389 286353342.838978 -0.6105807722070669 -58.603665187956636 -65.10565809390546 -20.270818604813066 -29.23259598192637 -38.11119707557725 -56.97870247658642 2.4137972053916883 -219.04679246989372
416 33403.374114751816 290423487.7886639 -29.24768164728562 -79.86343533249118 -42.34772988414308 -13.772496474617007 -21.849015234449734 -38.298189117338154 -24.985518227758234 6.490674361378979 -218.58564536679887
417 33485.841633319855 283321518.8128585 -26.90153650885126 -73.34923435873253 -35.018686533501786 -2.632933030756014 2.900801300764564 -29.24865718945358 -20.451172675073792 0.9137639470244494 -220.63769632440903
418 33559.076315402985 282807573.7604645 -5.663216646388543 -24.070268557103834 -40.59369462917893 8.649379483970371 9.835839638174166 -5.070713464444395 -34.450048978600535 7.913758653582931 -222.09782368407872
419 33638.010316610336 297975108.21441674 -0.29739241611651046 -73.04365855843656 -45.03809141783191 16.562228111748784 19.662284179093472 -24.33996331339182 -3.2330290695814483 11.329965438653915 -213.4983954947848
420 33715.77350521088 285313514.4427162 -7.016351109883316 -72.41694585586362 -50.80573465994118 -35.407130574679634 -40.437819468057754 -29.00520064128972 -17.596530082578113 -3.819717707149323 -227.2982552166896
421 33792.0658993721 295883597.0601339 -16.187511369468403 -109.51572760778117 -39.311991615733376 -6.769398414791134 -18.08150282080612 -43.8366053008653 -4.191205485205273 -2.812834140843165 -226.84397126179158
422 33870.130182504654 278303637.601683 -74.3293967078308 -100.52260281126198 -6.622393123853065 92.60562101124233 84.9333646452402 -29.440663358789664 12.06461084268642 0.023999098962519838 -221.96840627696685
423 33949.81829547882 274086392.6365869 -41.76181608796791 -80.1295512215104 -34.74927874705811 26.79595596056202 22.469832321766553 -34.21171411670315 -22.69550080280294 -8.724658753556753 -228.5343062923513
424 34028.239391088486 285104706.07809734 -25.21927912945133 -71.60153012195507 -27.902086332808018 -3.832282353203148 0.8400752092381296 -17.872841048933935 -0.0652208545608346 -0.7107454153588719 -221.73300013167625
425 34101.91333246231 287029052.5160832 -18.911944429600812 -33.53528602419777 -49.5042558467279 -3.9550251352281407 -4.831714128228004 -19.575342758749912 -49.405515316130845 31.18037098679315 -197.67691295285488
426 34179.978105306625 274568949.467019 -35.30604646388104 -78.61423350812028 -37.75660370265322 20.70514749333725 29.950539210620573 -36.722276510988536 -25.63003298165063 -6.510495043703827 -227.33510138501384
427 34261.24501824379 277484745.91864 -7.034598973581395 -43.631260429557116 -53.89561596386635 13.438676633740172 16.043379348883576 -23.750929593435785 -45.10902621824022 -5.953697392895549 -226.50366286905052
428 34338.55817580223 276070813.2557771 -18.09472904481577 -72.19747176696124 -44.087050921460936 -12.662950450049479 -7.875978168505428 -25.15261219057703 -10.850053200550121 -3.2275754686106666 -226.32210764086432
429 34424.85226082802 274447705.4394933 -37.8309884432907 -76.18478055225943 -35.05185786224593 22.929249056313445 24.913842985347237 -31.46337960271444 -18.456596850724623 -5.311657993909989 -227.00790158750488
430 34492.536019563675 274016919.3597662 -29.937601341893924 -63.53222793031379 -45.86663476905545 4.749954153857438 12.44917171641263 -30.632367504010176 -32.434858104715886 -5.711599510182623 -227.41202583370756
