1 28.01833987236023 65754986.39383959 -13.931372811062861 -50.33689164210764 -48.61949009325899 -1.9950187673091335 -68.43028809560832 -1.3206659901024977 -13.40733325979437 -5.992205123856024 -2.2914217543998916
2 78.8565080165863 172193782.5608793 -225.95673831338456 -260.8023148514198 2091.306506018828 623.1231807896739 455.2755831589055 667.9336281556195 1688.2679599537123 665.5951750571801 724.9983117776844
3 133.34652876853943 185160879.62448525 -102.07946976169407 -204.9869083865616 2240.1650446749627 591.674562508473 381.7102733351557 675.5159655510017 1550.2221791947754 896.363159193832 919.8859896557549
4 180.57417011260986 176693637.92962933 -211.29800977377366 -299.4542229665005 1173.4155872304218 540.9414392592695 347.30612074281925 493.6024537997324 1318.0361471817716 769.6792530243251 861.9758998219379
5 221.3689203262329 154355105.2655694 -137.35475801020561 -268.7061722712419 1072.5826378201157 452.8446299463941 313.1279715079761 446.7046411923578 1212.5581622983125 510.5248416119181 593.2375894637016
6 267.906809091568 145286354.71137297 -155.3979538838347 -268.4058014026253 1895.4714274004946 590.8482564463538 337.38597550816814 441.42202228692076 1152.9115942793242 466.1820869576874 497.88472213491445
7 308.46483397483826 165592260.23014688 -164.9945882245713 -248.91751752124375 929.9706589336806 431.5508461369554 281.5553428111074 394.3763514744347 1056.5105793816383 778.562574198882 846.0750071140712
8 338.3035774230957 119482719.12194753 -299.69705369613047 -312.4083684809751 961.3896573432569 607.5408070665982 362.2468355357519 202.9932940603819 723.1430221895209 411.82909187855967 448.9098633331362
9 380.79487919807434 179457765.41801366 -234.2246866855938 -322.1654441641499 5183.922051728397 690.2222095841545 497.38987380461435 652.3222886827864 1670.3376380837271 811.616510386769 821.8175267131023
10 426.5060603618622 222922730.4704338 -327.4802447587264 -391.3810419393767 9130.401240119607 919.9530798309612 632.6517496331686 916.0668814655185 2265.284679217844 1161.8727874612916 1222.724095390421
11 466.0384907722473 178076154.2493642 -76.01900138166826 -245.8342972916795 2677.6889835060315 567.367545886151 404.9189538181658 544.9323899186409 1366.7556810913366 850.479727240393 904.7562155531523
12 502.2565505504608 121102091.97137494 -123.79590351154744 -124.47453892340434 1008.5987073019829 379.7896976112363 206.60527309141898 272.795354987618 680.1221673813391 353.07623056413286 407.3480788885439
13 549.1657159328461 179469755.40001816 -119.91564906345857 -276.20670716702995 3102.9990834819264 605.2275100542272 335.0808712003377 495.6044693215623 1206.7561357322143 862.5963404421987 880.05675493269
14 584.7588517665863 186686318.83595484 -256.1912746933591 -327.1405391244132 4604.653507697132 628.9066082172826 422.2767240902015 454.86281104163095 1252.5102068023566 871.0814579651906 995.6511133817137
15 620.3290460109711 113642524.33451284 -34.88960790680113 -128.6177884899135 400.43061590135346 397.15441762734054 213.62789766345003 162.27478930645304 438.9577955383969 297.7792450706992 260.473519379879
16 666.5996041297913 150705262.51292184 -309.34926525994587 -360.3954806833422 1932.9357348887577 748.7155048261135 489.0828274723317 668.4406337497369 1739.4366270431638 503.82571831039706 498.7971425287369
17 706.5574045181274 193477630.1734645 -340.29209578889817 -390.677935047813 3418.466747278672 836.4033932238838 538.1077326824442 723.9510481768953 1867.4529766205574 887.2977875328472 1018.9880830966474
18 746.6034364700317 179651857.58020023 -256.0633894618457 -320.0268886778233 1562.1052001689 611.9370478101133 409.10768681535683 514.0649373484384 1369.382060526967 828.010992781413 884.4484850888114
19 792.9092085361481 205361660.08647472 -78.36315950153211 -264.96228705002443 1288.5331558001512 609.0290572813914 365.7773865265105 611.7635668550201 1515.2031925546955 775.3930081856686 846.1161597735668
20 839.7935752868652 168299014.32549217 -118.4527566987056 -240.32144805108075 1715.5722670177172 632.758286555475 361.9311563585069 623.773523375814 1405.0529152434353 761.7372872139729 832.3306681624904
21 883.1990787982941 146932224.36937413 -276.4963423404279 -313.8869413598631 1184.2480571119927 565.7413875840318 369.90786445552106 566.4722387080901 1484.6364331728892 477.97958582559 556.2147922878369
22 935.4435291290283 229309598.21725914 -278.1885967795422 -349.9877733049448 2579.3659606303195 811.4932870296741 524.1674286820488 804.8585941266101 2001.1082325878065 1188.1184524096172 1362.3391461408644
23 971.1099710464478 165878686.26677802 -198.00118500812846 -188.16983660119757 1900.1188459889527 546.5831954793626 376.3888428365383 449.35229918061873 1144.1839484727218 770.3580727699202 887.1582794222747
24 1015.4782428741455 212127745.37581515 -291.25344736125334 -338.56452894664915 6298.722365615369 813.3248498476486 551.9474105956941 759.2881560021319 1908.1540061208038 1094.9035368622085 1204.1325283256483
25 1058.5802819728851 115441653.83518355 -220.56661593013135 -264.3687020688052 1214.44402669497 561.1558305601317 373.4607869534077 465.40743078494404 1210.4229907449949 191.66508571903103 205.93802368758008
26 1103.2711188793182 170244486.78912324 -28.70535120414408 -89.03433517443665 764.3144693542527 375.00259412168157 260.1512796254609 446.80932587749305 1012.4970248802824 721.2037155836297 782.0194693448727
27 1147.6659269332886 194790105.53938395 -271.76524305433816 -323.7580315008653 2910.4399946802932 710.4074667393543 488.3172643000182 714.3528574435268 1801.4422772002795 900.9790444342998 974.2778295713367
28 1196.1621527671814 184422085.58878797 -118.48221582009953 -204.26522492190878 6804.553080680564 660.7146009258153 404.3867985391943 745.3829424393407 1564.025811176241 808.6148577976755 856.5294009160136
29 1246.5887942314148 188642698.22747895 -237.86793251798068 -303.5181256098484 1793.3098145725703 636.829624286576 430.57989440903816 754.1808615991051 1848.2029781009255 826.925881882418 956.191062898894
30 1279.71848487854 80179303.47190864 -33.40959558156795 -0.43989239875275365 5.81496623683536 97.05196089520842 -19.255515861107433 40.75895978178312 7.970286984031475 132.5468674449039 161.01643994238827
31 1311.7895441055298 65762869.96890947 -28.367077555935772 -60.78922914205535 -43.30936607331458 0.2857619015519859 -66.26068914308784 -5.156587649212042 -7.256934989933086 -7.550332163316568 -2.419308605876381
32 1344.684318780899 65828438.84127789 -20.665250993666564 -55.19658615261309 -46.351876674174264 -1.0420350005530281 -67.52622531375262 -2.882438719621973 -10.207694476046129 -6.195545975086759 -1.457491080004047
33 1379.5462908744812 65624646.427756615 -24.992913378507204 -59.343496639117895 -38.637983012368494 3.5104012021534885 -62.89997472502271 -1.984706646234656 2.084414050227963 -7.940420447638246 -3.0302644409412665
34 1412.0647349357605 65815233.702165335 -14.58849736011265 -51.8600052811044 -45.59279969292142 -0.20217297189166317 -66.98291054183397 0.3495913785340008 -7.691815307324305 -4.503057346850085 -1.4356538452481686
35 1444.9586362838745 65619896.94100935 -10.555909914666412 -46.77429413513431 -46.215061732786864 -0.289734756649068 -65.73124184390795 -0.061699545583621784 -7.61559134438636 -9.119534443252974 -4.073290819801855
36 1477.6158134937286 65921313.28008829 -59.85832509943292 -83.76290842815004 -27.25923455889467 19.697455497398412 -48.70825255029668 -11.69767070370142 11.881635466469334 -9.439291888299294 -2.2212477499192573
37 1509.9803214073181 65660216.99925603 -3.4772733004624605 -42.49858451123927 -49.853886796467684 -1.9661428048463492 -67.94318159145655 2.3207800802223346 -11.949254240475511 -6.2247351082272075 -3.084854036264801
38 1541.3359422683716 65800761.28956088 -31.572041805327707 -63.233470182189855 -38.428899142484354 2.868517625992304 -63.30376374814921 -4.260134973492484 1.6694452720998925 -8.339718363752468 -2.9304335426758144
39 1573.1592383384705 66502514.32201854 -0.9207215388808141 -33.08111169123867 -55.31832236063701 -17.67826002278354 -75.68302164988333 1.29217313937869 -20.567426422215988 -4.346066263408147 0.9788954725611916
40 1606.69362282753 65768593.57549592 -32.690364768869586 -62.80725928388077 -38.64180431831921 2.87229910085302 -63.3005795450148 -5.46745345588289 -0.41720338508810073 -9.232317215764681 -2.9064531851128663
41 1637.6790199279785 65832192.09028732 -34.2690558137203 -63.056857327268595 -38.72869683998003 2.6368363848032814 -63.35370493059884 -5.874105402734301 0.5159461410028712 -8.897573751446146 -3.3371272580828304
42 1668.296711921692 65647412.80366813 -9.598629421913973 -48.572941987656705 -45.19116497813348 0.36405825341279296 -65.55863245666835 1.54539837280754 -4.77734002176004 -7.301680425970915 -3.193123969043313
43 1698.0032131671906 65547517.44492346 -31.444585158490323 -64.64313729639517 -39.502614444311554 2.6595231203906025 -63.93412325175658 -5.338230817885119 -1.512016534207362 -8.586107451293913 -2.7734255155699543
44 1731.1181902885437 65588136.979104295 -29.88059714595473 -61.463469816975646 -40.896012498343104 1.817801984840301 -64.359972377862 -4.928841052234532 -2.777229332798072 -9.318847270343156 -3.462372002234872
45 1762.557277917862 65867643.398062095 -17.814374675493422 -52.38835480956935 -43.033904214803805 1.0302395215516569 -64.93255219428134 -2.381446936761108 -5.643506262000926 -8.265055730028564 -2.6624687182454636
46 1794.2064831256866 65749133.26214326 -33.39692721568612 -63.30347105802578 -41.95361765177785 0.924775623204539 -65.06740513034732 -7.083759322878166 -4.808925602946431 -8.830648348218972 -3.1103062984855114
47 1825.853090763092 65675972.36717651 -22.169160513734337 -57.71848813056296 -34.74673418123247 -7.658735658675944 -75.4551094860257 3.6518552644998863 0.49350539093256884 -6.958982719697076 -0.3604129084877741
48 1857.344702720642 65576198.25404268 -32.46133162906596 -66.62434163911895 -33.23633380521624 5.436108236004827 -61.52167120331496 -1.1998304895028582 5.891674173188392 -7.300164015342773 -0.6071577397915462
49 1890.0140497684479 65723059.09522921 -34.068618234885 -67.25361369683209 -35.52375087198745 3.6124831224029776 -63.86313674933474 -2.7270376115146178 -0.09066243256472717 -6.789440606136907 -1.052352498993173
50 1922.4614567756653 66176325.61235515 -27.91767658919864 -59.57450978627372 -39.32457912113189 13.200455228481331 -54.69221025943861 -3.428131924761203 -7.288902533874079 -6.5918206494854985 0.579221612954484
51 1956.8236916065216 67537163.79833448 -28.52886309704509 -42.49231703216002 -45.53474522149324 29.97951180661846 -44.236468205394495 -2.6260947808520996 -22.333418602282563 1.5743928337728335 10.816463263903188
52 1989.19375538826 65747078.336516626 -20.97500722539739 -57.68358712525322 -38.52675970189568 3.15861881550218 -63.35684293620107 0.566214868013958 1.343893935089909 -6.891148451700417 -0.9814230297436097
53 2023.1685712337494 65511388.187406674 -15.613992150737532 -47.75022048375536 -40.600489987996376 1.7034676683694698 -65.19811257150964 11.535992301657814 -3.616480234062749 -6.066381305926598 0.2676137135578074
54 2054.3432142734528 65608333.17384325 -21.760484702236333 -57.0051325286551 -40.1681826199667 14.037231688353863 -53.20796795803154 -1.7787396319344566 -2.6227119593585826 -9.10979471530868 -2.2733827447040085
55 2087.4945986270905 66337027.2560416 -5.5607241374492755 -42.652969715567444 -50.48678765858672 -3.709985006559471 -69.99599663600573 2.192159138130137 -16.76498343644829 -4.327178302695131 0.11606046977982487
56 2119.7291989326477 65499166.59217919 -10.98504180133985 -50.777895998133964 -41.40795619823703 2.548398904778743 -63.3974216423958 1.5899908233657243 0.09882225729620586 -8.437422262265443 -3.4403278142995077
57 2153.8234667778015 66111866.5445594 -17.15001459226991 -34.76515541820382 -52.91198003845508 -5.90081978957793 -70.33817163057483 -3.156695747536048 -31.397441693709027 -6.28948731322771 0.35272304879549665
58 2185.3265380859375 65507527.90037795 -4.9691599395828066 -39.43015342742751 -44.752297513807804 -0.3849960791855338 -67.20689291024658 15.547158167104385 -8.891939317524077 -5.570568152002068 0.5360346993509779
59 2217.944062232971 65450464.751135 -16.765271416488584 -44.441091596861504 -45.26699966426248 -1.1072196560437106 -66.16998610837433 0.1987572075873345 -17.655758728363935 -6.915271414505014 -0.4705484418477681
60 2250.52521443367 65438523.25547351 -19.666652199784416 -47.42875979878666 -43.230924284108156 -0.03322568578555973 -65.17852601233477 -0.2916158995736282 -14.634812740016798 -6.718804353008409 -0.014629341418014974
61 2282.600044488907 65433681.477105275 -18.684114641492627 -46.906959408360024 -43.32219882076556 -0.03006021303551165 -65.16384619436886 0.07315013516631552 -14.39910701279706 -6.7487528956226015 -0.10412454237433622
62 2315.6174116134644 66044924.21355819 -26.936925721362087 -50.462731371656695 -41.52161224777318 1.6581379711284256 -63.104383289021094 -3.0786493596385185 -6.220709555046142 -3.816660922116796 0.12666144942807023
63 2348.4937868118286 65486051.20739163 -10.632353583216606 -40.760385619379335 -46.49440046207436 -1.3123962534890552 -66.2885042031676 1.951373311196619 -17.71162063977198 -6.073692932227459 0.2290832161530716
64 2380.3314051628113 65408117.478314586 -14.15821887576077 -44.13047900960105 -42.244454595525596 12.653854841284108 -53.75517004598238 1.687464916961801 -12.802190166195032 -7.851117823116681 -1.1282990474957728
65 2413.9623901844025 65344899.871678635 -21.60363507857066 -49.79778614098249 -41.95584555091129 12.464625780083345 -54.320441441777554 -0.7718291951167657 -14.117532570469677 -7.388206892107689 -0.6895560521937796
66 2446.444649219513 65477887.756445155 -12.887152185020732 -46.36667867933228 -39.706318094770225 2.0460320365448226 -64.99729436582722 13.410743150980807 -3.710953654158743 -6.110793994657513 0.6232922151955904
67 2481.019368648529 65356470.789255835 -18.01846677149384 -46.791277892828795 -43.45517641705628 11.978231521426927 -54.554583651658305 -0.3266779866823981 -14.871412083156429 -7.419684616992981 -0.42608693599959224
68 2514.4876868724823 66902038.97888564 -8.571710242912385 -38.55171698168338 -49.82509232935525 -2.8675752686756795 -68.70665634798662 1.1741982932580868 -10.471319806856968 0.8541381586259149 -2.914984318196332
69 2546.760779619217 65748011.40525503 -17.826888123984066 -53.96310282105585 -43.8307233107805 -12.683076411405253 -80.09240209299692 0.7499278165303167 -11.625716280315999 -7.627004922054255 -1.5233493040696544
70 2579.262820482254 65959756.570300184 -0.23952657875331163 -41.87061395892111 -51.86630998759252 -3.4183331136269786 -70.16414017868948 4.546003259622694 -15.28995670447182 -1.001919299527799 0.6529871381854377
71 2611.8072884082794 65883654.21567179 -6.475839725683554 -20.90560169285165 -45.578962638961634 -0.45189959027634075 -67.17321837188406 23.039563947945112 -10.035210228087294 9.455455492878684 -1.896095855381816
72 2644.267913341522 65425226.367970176 -14.02677320248343 -51.605397022934966 -45.713197842212566 -13.235968859208121 -72.18028719176607 -0.15137349290745306 -10.95012530290353 -9.589737229458592 -3.0732749516531044
73 2675.7325370311737 68075265.29731801 -9.55436093559079 -16.542046428073036 -51.089400843517744 -15.724841329136929 -76.28574222473831 1.7832937126690354 -20.80877332619724 2.739322271759079 8.712117661664365
74 2708.809411764145 65449676.3952987 -41.64392732534675 -65.86903870136098 -35.92793127047349 3.225857197153452 -63.70078098318937 0.7071597496144477 0.21719435771291273 -8.679796810242351 -2.1503091212952654
75 2740.9211127758026 65381718.91750395 -37.391299323910765 -71.61982318026922 -36.23322957687878 15.255333513698734 -53.014379027357975 -5.507507499404994 0.26635533513808696 -9.157637283610995 -2.267697579894559
76 2775.0949697494507 65681075.475229025 -33.277435010072125 -66.28404338655399 -39.29593892123498 2.017681657757862 -64.71185864515076 -5.350340388928146 -2.7040606869509247 -7.716331285659123 -2.6835532869700387
77 2807.6800940036774 66320243.852365345 -37.73426475411106 -65.00542616501791 -38.457644427155216 1.5818398825517193 -65.18221810544482 -6.6808549233217605 -5.157518080712578 -6.037420817319969 0.8669495479449552
78 2840.965495824814 67378932.62497985 -32.61065903938356 -51.97187449154795 -41.39172906255303 8.154776096993658 -66.42817135210133 -2.268578704833601 -3.631873137733919 -0.6552278292753044 4.244302151190652
79 2874.3022968769073 65270650.65981639 -11.801609851205328 -40.94936088025758 -48.81404089881132 -2.843801920932343 -67.63158728063571 0.8353454967583502 -21.345159000142587 -8.16886338950519 -2.4807127576101493
80 2907.8230307102203 65469967.7271896 -20.872598044600593 -48.10718900999288 -42.7146789280144 -0.30872489966044725 -66.85051124618523 9.708485528446715 -8.841130781182756 -8.33073985627999 -2.4208275782320925
81 2940.3008308410645 65419393.115698926 -22.288396702328694 -58.18516516799418 -39.28572603197725 2.870311353595689 -63.07629018573945 -0.9402721308912305 1.296042796420295 -9.274413205636392 -2.721948741679739
82 2970.497920036316 65556088.64644047 -41.32852498605761 -65.12723110428429 -37.28072122382363 2.3790536429001463 -64.77702269101846 1.0755877519721366 -1.2714162082920666 -8.024325923690924 -2.0437147050155318
83 3001.9776980876923 65318187.56036689 -16.22112781151751 -43.623141316509596 -47.4685056119631 -2.096418659763998 -66.88800762457757 -0.5575183327918012 -19.275853104529517 -8.018224018555145 -2.177235273386657
84 3035.585197210312 65339129.010394484 -19.429354156159675 -58.26840338686078 -40.42119504724806 13.36968747869927 -54.391825093288794 0.7241304400162676 -4.689422186464071 -9.215806293070045 -2.150071004025449
85 3069.384744644165 65479573.088595755 -13.046303729651825 -41.53821719655335 -48.71365262446635 -2.5497273820990145 -67.11952645698364 -0.06252324940646758 -19.25955788487596 -7.120508729309847 -1.7095762995102177
86 3101.0203523635864 65862081.6372457 -7.596184786707929 -32.50887221230678 -52.44611471361667 0.9726325416314054 -60.72580772952934 4.2722032331975015 -34.51559506742126 -7.282222076681535 0.1771347738792315
87 3132.6129195690155 66528931.15048274 -40.26107094918981 -47.14305852824628 -44.712085377472796 9.783830987589852 -61.4194685312685 -3.2735130202510163 -19.782777763984257 -4.71811652935213 0.22734175153078695
88 3163.997216939926 65555293.096995324 -31.609183209879845 -44.29132263612454 -45.925004245269854 9.44193920261987 -61.47863332654322 1.9156542321041456 -20.727198541284054 -7.794721521005499 -2.40151527757979
89 3193.111207485199 66222222.9910489 -30.82674258206739 -36.59508496957168 -51.30075440222395 6.218223590520296 -64.42107517422158 -0.017146206014160725 -29.237023366909455 -5.884666772906371 -0.9402730024704056
90 3224.7048239707947 65293710.69287677 -7.988781171880921 -31.87824264193211 -53.23969687262283 -7.241423937384482 -83.86291319444686 6.055281732894116 -36.912372138517526 -9.947457410910715 -2.5920819360545693
91 3255.1914587020874 65124964.716782816 -16.451849725842113 -42.75959747505183 -49.35279267159214 -4.553169743008887 -71.82441153483389 1.4324783409905422 -28.434316969685256 -9.872303763576213 -2.9830976844756947
92 3289.237697839737 68153191.41905928 -13.021919153726692 -5.439721678848356 -63.71904794319041 -53.62266600408914 -127.78946282810784 26.786186333931482 -50.864742399253714 7.322622891874801 15.701048703094443
93 3320.3613498210907 69985652.13595258 -46.041847327079275 -38.84884281734992 -41.517273282576355 11.220361761194354 -67.50302382785556 -4.926075176572965 -20.16125867674333 14.767722824723592 25.588353586523
94 3351.6973910331726 69389019.05825551 -43.63121894450987 -65.24163379056627 -24.150940957800458 18.5519623349182 -76.6809430779142 -7.060106745716666 -9.196078392504035 15.725738050236828 19.069954732791757
95 3383.787905216217 65070697.20060011 -21.30168720075114 -47.917718928563396 -44.51691228049201 -1.6264965112179155 -69.18822174114528 1.0323684867627207 -20.638216163481957 -9.245913510357411 -2.3498242217449388
96 3415.3338491916656 65005490.89643904 -13.44019430087144 -40.95936225285534 -52.11838586504691 -17.530057406568645 -83.44807326260856 0.4919086587959214 -31.387878923148833 -9.736129529676703 -3.74093830275217
97 3447.0744259357452 65833551.81047465 -5.794420904436294 -42.44223851887153 -54.145287484579455 -5.57052002060513 -72.38996329793272 2.087344542298638 -21.523110902575013 -3.890432094965661 -3.4917207372001258
98 3476.722116947174 67069524.002812155 -27.087837549834802 -32.358766984307444 -52.009827288045166 -5.864377644720037 -74.55367290026307 -0.08204677825392537 -27.445338645853212 -0.8121376777861542 2.8486551583966957
99 3510.4541256427765 65074574.69852468 -19.67217995997411 -47.13925557400694 -47.43466564347943 9.172929469030457 -57.24929848552372 -1.4814881804474567 -22.027260322865743 -8.412396650189635 -1.5586231639738344
100 3541.000436782837 65106919.45634965 -36.68060416427386 -45.19925864237019 -43.18461814930515 30.784671444531078 -44.95321995655641 7.166817223569751 -23.272504051595376 -9.135551671815278 -1.9800094591541892
101 3575.5865857601166 68649241.30350019 -14.319728115135248 -14.257986213101052 -60.40357820482808 -10.021674579894416 -78.72665864235994 4.631146553289227 -42.704276551477335 9.797777129196447 16.441561219216055
102 3605.6576890945435 66702091.85360203 -54.13213495906586 -52.892851305804456 -35.73418990208189 15.971371233153132 -65.0198769641361 4.50855828260427 -7.927188399114186 -4.638676717999658 0.03240344929889716
103 3636.5854029655457 65751410.43216093 -38.865982956250164 -63.48607152141211 -32.40987297712024 3.730320768912769 -69.30522823066698 0.18333926483069263 -3.8184363348742068 -5.4624104364625055 1.4089926326562932
104 3669.834935426712 65243070.84531349 -22.689252423009133 -58.93875366962747 -40.71834198769304 0.7543643779252278 -67.76636935290159 1.5346031855724505 -7.195983876773255 -9.64916709391855 -2.8180372740985717
105 3701.1508462429047 65143442.46740828 -23.92651706359272 -38.76291139552202 -48.26289071045626 -3.7790554620491363 -71.53324401222656 9.652079383959176 -27.60339165872813 -7.3452469247425825 0.09968049492033515
106 3730.97856092453 66793193.43112446 -34.330951470522436 -48.682330579202144 -37.7788779492797 25.673219840608475 -50.8927487295784 4.493090957235552 -0.8893511027394538 1.9192045843966525 1.065426943382704
107 3762.4939539432526 65578889.40588593 -47.30021445186818 -61.58043508870553 -39.91159647044427 1.331112194827412 -72.27838645138617 -0.08443675780733884 -9.750953830977437 -8.697840043080987 -3.182937645691993
108 3795.2583010196686 69078656.3281084 -42.25706508974357 -51.481947536674426 -34.23964433092398 35.24950125822865 -39.006349626358286 -2.8270206892132705 -5.247759488888619 9.110568960369108 19.328705022488293
109 3825.488827228546 67485550.8172936 -44.31684975443204 -47.029026702003335 -43.05209083854562 -1.1538351197779164 -70.88585935291074 -8.444860092418082 -19.94573925865751 -0.47846700253614927 3.3852472565260996
110 3856.7881371974945 67279190.8369694 -38.54576649028899 -32.934859020531064 -46.20816872781835 -2.7725285418183816 -79.46116175395525 3.6864947808762736 -27.919587423130793 -0.16592664980555583 6.150571757059367
111 3887.261342525482 67095222.34031063 -20.352875744291026 -39.30889820360758 -44.05952206994502 22.606527368014376 -53.74046007883724 -0.2542754627450563 -12.189543811971703 3.2981160947866783 -0.24358045448929033
112 3922.723684310913 65106859.540129825 -14.007819456186066 -44.91297600042103 -49.37271283126135 -16.288116673952537 -82.66001564797932 2.3345360087793097 -27.37086321550629 -5.873675279575593 0.7240618297938113
113 3955.7420229911804 66559188.355933055 -31.776160552506646 -36.93338018178113 -51.15104240805308 17.466091645613357 -58.64851283831221 0.4260651000179223 -28.42949534417886 -4.583208670259353 0.6013300178068448
114 3987.9911246299744 77753443.84697872 -65.51432729982363 -1.3674580811491186 4.766001595946783 105.2680385110346 -13.807382094965341 38.3979793343957 -1.424031432491745 113.97180499888486 139.7166199919642
115 4021.496164083481 64985077.639829114 -22.366020139334502 -49.4809632907139 -45.61654062236591 28.779157736969893 -46.44433171090985 1.2124266550846414 -24.150709716150345 -9.049095934186482 -1.812535312881323
116 4052.785599708557 66754328.22797788 -55.51845676547737 -50.158330456510704 -34.43666922183298 34.72478328075397 -42.61838088633168 1.193330997326882 -10.979582094964314 -5.348248659226101 0.9673336263077204
117 4084.058155298233 65538569.81826386 -50.24510397380526 -57.69911454625055 -40.60550896398303 24.71329478308601 -54.26182655006558 -10.07112627612372 -21.563477635515937 -9.656544305682928 -3.10371190145554
118 4117.582990407944 65246143.347558945 -13.071308478350586 -36.17383171309931 -56.76289208007611 -7.90659279044548 -72.15357246839338 -3.1843815516514837 -35.593512529342036 -9.622036490926916 -3.617102185917929
119 4151.357691526413 67482246.2284636 -22.015933188902206 -42.303888076000284 -46.12108774438479 9.686226457185136 -60.889133524596126 -3.897292513725631 -12.810862800229074 4.867999551748937 -0.3188818907836435
120 4182.590913534164 65036899.713671476 -22.175311799096285 -46.46025519646607 -46.268484044753095 -10.684404472370865 -85.80155227396968 1.3469384903769992 -24.95851767592626 -8.720870516384934 -1.5947504291193582
121 4216.996703386307 65069303.99099255 -2.451792448668794 -24.33786955532313 -62.89101194247736 -19.026841559415843 -99.2481540202033 4.103564891001383 -51.33517719957575 -8.222684165275268 -3.8487620547582537
122 4251.202237606049 65314677.8523368 -16.14906133410213 -40.067661802963705 -52.972610647332104 17.580829660996255 -64.33755123590345 2.264541878754926 -34.53515697822451 -3.7700738994645917 1.354219105468701
123 4281.574688434601 65231403.58760586 -26.514292400929776 -42.07758096847 -50.450463225861206 7.441732602324272 -63.77193541325344 -0.7654251008510755 -27.97224036424467 -7.7977990413428415 -1.6446190807651533
124 4312.109054803848 66432054.18132667 -2.336836831500378 -15.734727550688614 -59.24705745766633 2.4798701241959478 -75.27667731990464 7.439711811942686 -41.353791649822426 -2.2950879760998077 -1.5424428152903147
125 4344.138738632202 65969838.58152434 -15.580960446468884 -36.2588283240193 -56.67270625716161 -8.23023615491838 -88.05024502988796 4.222235974332875 -38.75183646417037 -6.159883095780685 0.46093521429514794
126 4375.834727525711 65326474.3008912 -24.504198758783016 -43.00241094653545 -49.73332852549611 7.334992150591319 -71.44312880453182 -1.0984998550569571 -31.46864485836096 -8.048689671624913 -2.2381912319550565
127 4407.155730247498 64703865.36436916 -10.903641966381173 -40.37137415979265 -57.07516212569585 -39.84669849851274 -107.14220617888331 -0.6094498276023046 -36.810653564568156 -9.074629735736153 -2.6290215947763045
128 4439.134654521942 70164882.6326344 -47.433239835148115 -56.57831405157701 -23.372409193459326 19.906878797721454 -64.02071005327598 25.175590161042578 20.022134255890364 23.24179401822971 31.72557582780007
129 4471.216892719269 65115980.172348104 -16.970949560390423 -34.48346814205611 -61.3838169791525 -42.10679489392908 -108.24480599936823 -4.977185124473067 -43.860087440030554 -10.117048263145989 -3.9374420317316208
130 4504.176144599915 64543439.51759686 -5.730198435114408 -32.747482746128625 -64.04060575108922 -31.850113556710973 -100.24396295237409 -0.30289356878483886 -48.8753084736216 -10.747464569507088 -4.299617065266318
131 4536.60690164566 64697239.60722096 -4.356922643012138 -33.957437500600435 -61.220390115312384 -41.67559571453626 -108.49138583506769 -0.07734463478942644 -42.35065899086317 -9.72073929085991 -3.150866889086899
132 4570.7963078022 64447712.59241793 -7.875841085129801 -34.20148006478192 -62.874551003534705 -31.549748088967114 -106.60851096225073 0.09995905080472767 -49.52743717930804 -11.025602399073193 -4.54576479367131
133 4601.537362575531 64548883.06488821 -8.934138775389775 -34.735794428848926 -62.543726104453626 -31.42368969091895 -106.5455551836128 -0.23384380824637674 -49.32533424189518 -10.193199784030924 -3.23302647409065
134 4633.209130525589 69816611.10075119 -16.683715034538587 -16.095154165615515 -59.18246543296645 -10.261533637929752 -83.47413158731943 0.7971292470231788 -43.290530699413296 15.959667741378098 25.5893023092641
135 4665.442245483398 66544948.46043694 -45.296152014547594 -56.3288740428802 -40.11533263968237 13.997083762979234 -66.86277646678784 2.692560079188752 -8.26813930302069 -2.4116406282341813 -3.0722617528113574
136 4699.298010349274 69054989.98745817 -2.4929711154348277 -13.518520488236751 -52.21484564183562 6.9743688513751465 -71.06098141277889 8.579063044896998 -32.67870762774703 13.927167692545481 10.816483599305514
137 4732.32840514183 64696498.31248721 -9.734970092271613 -35.86551719361296 -61.935478535333424 -30.42410049518564 -103.51611655205184 0.15532792422624198 -45.6070347392033 -7.510245918264729 -0.8290087579153465
138 4762.696871519089 65790488.903705835 -37.890654566743265 -38.30794452585806 -46.952382211897735 10.429196822957884 -69.01633130659602 5.744619775369642 -28.641776557040657 -6.539410291496779 -2.109802663006519
139 4795.049275875092 64675610.24484609 -13.99561112031779 -39.06640302603493 -59.57245376510426 -41.7796633096144 -115.67478225939371 -0.5477962607890277 -43.67880471926986 -9.331751162632088 -2.7457878755891443
140 4828.92618560791 67167259.23065364 -18.24944438962654 -16.990701407787025 -55.844103554316966 -15.17680609626705 -91.03658408868999 0.20505549433232773 -39.834944944664585 -0.8785140863405445 6.581687272353122
141 4860.377780914307 64568249.572507165 -13.139443841463487 -38.69715045842277 -60.94771091571233 -18.413877007609564 -93.19659920639089 -1.3411241804382712 -45.805380522623125 -9.809104558303886 -3.0392455445465885
142 4891.644653081894 64733457.56055032 -7.807439235633552 -34.796071337714814 -61.2732631679144 -42.5584573654952 -116.19861298990975 0.8893564852917848 -44.89512077412559 -8.849951561980163 -2.513787130740184
143 4923.827737569809 64422657.80504779 -10.691572584868535 -39.74986823091138 -58.9995114594276 -21.80312375128169 -92.89140224003738 0.8891455248559055 -43.808782909598676 -9.592407331029506 -2.221579326235428
144 4956.318772792816 64843369.96019777 -7.509119855718536 -39.75553076169864 -53.86929570723131 -13.5002176654274 -81.59832635447947 0.056333183344065674 -31.815730674360964 -9.659554241979663 -2.5303766257305824
145 4986.072824001312 66022179.94619651 -34.009165618389 -32.25626905574703 -52.75429240093453 -13.122591755020487 -85.20879823001756 -0.8877971835382255 -32.39034217886814 -7.045203120351687 -1.108306162470285
146 5018.041988372803 64991603.79948779 -17.00993626289255 -32.70069408147122 -59.21911115323586 -16.704157808610532 -89.44907982909136 -0.11866582548162796 -42.239156092471376 -9.327940119055029 -3.567747979227647
147 5049.211297512054 67022111.51838506 -11.736798067031618 -25.962604479393747 -52.99980247281168 24.18540667389245 -55.843350038960516 5.256329131659015 -42.40372218224405 -0.6429694472649885 8.083604974175216
148 5079.779032707214 66434995.916817516 -49.62624958649276 -49.21252887655558 -43.561465552077664 -0.5651224330512647 -73.32003240740072 1.5381249057700757 -14.240781079533349 -6.441157198101564 -0.07583177785659245
149 5110.65541768074 64818177.449266635 -15.134714605475878 -47.12614995367706 -51.89386957759299 -1.3631247253607697 -75.8788764009285 -1.4523991070409465 -35.057242271850726 -11.32103129719951 -1.8698086433988124
150 5143.525754928589 64804952.60646866 -9.304499889356574 -34.624607618657365 -57.95744782557601 -15.82488346126086 -90.3137091941915 -0.42225274343502406 -40.01727659936341 -9.995456495153064 -3.6002047180608088
151 5176.922048091888 65706496.479171365 -37.739639345318885 -50.64394228197277 -43.50551999961367 11.40836249664634 -62.644597746593206 -4.72841063224115 -23.661635873947773 -6.608022683602769 -2.7589762908997955
152 5208.615502119064 64914733.35042392 -20.33271678379787 -37.15878260068474 -53.97713561236745 -1.9850431195745912 -76.39693737949284 0.9613964676671571 -36.19722344527486 -9.136979361694785 -2.0687348020330205
153 5241.18550157547 67033043.33166487 -37.553813411055216 -45.697172213345006 -36.49984067531658 54.810212665400385 -12.613481743993752 -0.38388425212940547 1.2885179564144664 2.104660816971318 -0.0017268977396156515
154 5274.985857486725 64518920.08005474 -9.088304956552877 -33.692131611424934 -63.55254038607579 -31.877705701044185 -111.68921208767297 0.6675048359170432 -51.250070080082935 -9.722208751382198 -3.292719588260809
155 5306.0276963710785 65632259.976447485 -29.619786652812582 -51.66477294158128 -45.38166725802522 13.708259217908896 -75.03508795262684 -2.66692121180256 -34.95910415417205 -11.347747456660613 -1.9650874709889194
156 5342.497176170349 64736869.42501185 -5.536003787849229 -37.68388572981681 -62.361483527970535 -30.91261680159682 -110.80795352494445 -2.509926287849794 -49.66263432647969 -9.149237216535198 -2.7192335324700707
157 5379.260009288788 64850193.58505476 -2.200246850678436 -44.75468768652118 -52.61885032274511 -25.302326837149508 -101.41613914471243 1.1700597088573659 -38.77615071518841 -11.75742791867151 -2.1983948271075064
158 5411.59735918045 64974546.7766865 -19.05772067994674 -41.474651706393516 -53.82255357423179 -26.296704141390535 -107.75246991880536 1.0641112469378982 -38.44411901889441 -8.23633425217082 -2.3065951586711435
159 5446.504944086075 69276070.6935135 -13.284709268731861 -17.657864221265015 -52.866386944349614 -17.496379698996165 -92.53460899902548 5.628257147518752 -45.67123030566489 12.447535145536108 24.95176301502545
160 5476.771422386169 67260272.40524599 -20.62217624380424 -23.345681080674783 -58.71391948352977 -8.462502275896007 -77.24868551044382 -2.4948930418390773 -38.93082442790501 0.9917425429173932 5.395524268895201
161 5507.47030544281 66313227.12133674 -31.28474250260269 -14.152390032234605 -60.641809373962715 2.759522932106229 -72.177407878477 -0.2849212329943498 -45.30914053099815 21.63725593166987 27.246056295232393
162 5541.655949354172 66286269.78105099 -8.476250233615566 -23.267475037601677 -53.86774863590435 -25.007983532389602 -90.00314019084483 1.2308441005519626 -27.210915619604634 -2.413415508803439 -2.6822539812473565
163 5576.489823579788 65262131.401741564 -19.034640537282534 -39.7192509789569 -53.37667179286909 17.816997671946048 -60.696679384092235 0.3022780469853501 -35.35563190691147 -6.42466354367798 -1.8047200647559976
164 5609.5300080776215 66889849.10257744 -30.413030324378358 -43.669399105368065 -46.20637550473985 2.111468851435866 -79.62008848610296 -7.029372589437855 -29.066141946619382 -0.711196951952104 0.3587235994223761
165 5641.48480796814 64902286.56439616 -18.5000146402267 -51.42325417040226 -44.86050440413589 2.0549928466769245 -80.2173415243562 4.061133071364566 -29.856997608420613 -9.737751713784235 -0.16033750170208805
166 5675.519591331482 64241696.19877862 -4.392353565799528 -30.807087492704717 -66.06704830252667 -13.213365246433867 -83.46122525041058 0.41456730076129134 -54.918180502607015 -12.202474879772524 -5.263856220023058
167 5708.815581321716 65046189.690816686 -19.570503826503195 -49.65860533735462 -52.66742604215421 -13.798885167883682 -96.05822298023244 -2.7208895287234327 -36.21629178372871 -11.941758036731187 -3.0083179148451222
168 5740.127895355225 65165216.859124966 -22.317178032265204 -58.37305892349477 -45.27644663749697 -9.370110597053447 -91.11887026697119 1.2855850086243663 -19.648367089208477 -8.416722671531772 -2.380560007811596
169 5777.339591741562 64704385.21270542 -11.83677402073505 -43.88799063556458 -51.7347129258092 -25.271448239430327 -101.4207697959478 2.7136801798162082 -38.253089648028435 -13.033539555072707 -3.9724815019085895
170 5809.3460195064545 65467994.24338688 -56.42487508830992 -62.01319905621868 -41.72403169988846 34.97136093483354 -43.04602683659788 -14.42231614376658 -20.6076609309722 -10.938708498991161 -4.080633417962474
171 5841.72006893158 64840853.46210552 -19.470258143650966 -49.28396298590716 -49.87024136476325 -0.41404980856709983 -82.06388740877033 -0.7318032407856663 -35.64699039644671 -12.853341113687122 -3.356010145309199
172 5875.450360774994 64179122.15910756 -7.983054885417328 -31.81318331813821 -66.27117626561662 -21.302940527844285 -99.15289748745782 -1.2302981105270874 -57.73224104035489 -12.279620215627006 -5.176023607562399
173 5908.81639957428 66780415.16013118 -34.02298657163601 -19.163696073104163 -49.69588818014424 8.907570763485566 -61.63584458560855 3.4622537104388016 -24.917214138427198 11.305571853160473 -1.171537653911514
174 5941.494923353195 64622051.95676768 -21.125926745376624 -37.00571168659387 -56.60756715704488 -3.660655529173262 -77.98993385709969 -0.4366873876770683 -40.47963134466971 -10.879879588920915 -4.127335860572316
175 5976.3998992443085 64311787.171450675 -5.82192373098422 -33.202248964895745 -63.68348963885323 -32.06025097498872 -110.84997301791843 0.9056599515074026 -53.842669485539375 -11.614206112912882 -4.525941759068985
176 6008.900439023972 64257588.62991736 -1.7314877534327895 -8.800847386595374 -68.8188914635721 -88.28732236026445 -158.2280383753393 22.726455395628363 -60.31713476597935 -9.637436901827982 -3.1870555385241346
177 6041.535401344299 64190371.7793486 -11.766163817031426 -36.66616206995063 -60.76593699298911 -42.249154344637894 -114.39439959830096 -1.4364047439902947 -47.99268552331665 -10.64920905173949 -3.5504958277470564
178 6073.159280061722 64276565.622573145 -8.485181689886291 -30.62766033438803 -65.46234905490758 -44.40001359281419 -116.01182048301882 -3.3299326051717344 -54.81331365854254 -11.661397178969992 -4.568545539628701
179 6108.445489883423 64116478.74984319 -0.6934737028796558 -32.06070452501419 -65.73886285407252 -52.498965051191455 -128.93638902634086 -1.2206276152855935 -55.82619055704026 -11.719759088587864 -5.146343536257632
180 6142.388794660568 64454630.19816316 -12.123920916288062 -31.7543897634854 -58.59162880073228 -40.253324901701816 -112.40411765758532 0.3668478874458856 -43.314235187083455 -8.617820341757579 -1.0322587744993825
181 6175.626506328583 66009601.798871815 -1.935327704018011 -20.194291707193113 -72.28126508493112 -55.93983734167221 -141.3499651188223 -3.0992465819678046 -65.46492064082884 -3.3004137735140375 3.0430016131867887
182 6208.357395410538 64242175.045699306 -7.210575266591057 -31.32032999933345 -64.10538216562006 -32.39731175605104 -110.40405567233144 0.6931449957082805 -52.81017187449589 -11.207934414280771 -4.213201170125501
183 6240.602710485458 64071180.63398448 -1.2129248253466516 -30.671389457033317 -66.96899950120911 -33.31844913427208 -111.04536704184434 -1.841648559933276 -56.39155394947852 -11.553150777710584 -4.565098558475256
184 6272.7582051754 64009891.095427506 -13.586254919551985 -37.4311661990504 -62.40882059153199 -30.414273862550083 -109.10809987135629 -0.8933139996850059 -53.2394464204142 -11.121019650666483 -3.643875833661184
185 6305.577424287796 65606359.53830302 -27.370158852470517 -35.63819984420695 -46.74088997292612 -2.048054342006516 -65.6126849639518 -3.3243255110762107 -19.978526507981485 -8.281288230287032 -6.069037346599146
186 6338.433609008789 64633064.270823315 -18.99210094121958 -61.43406529501589 -52.16747901938652 -25.0932844856264 -101.70483070631721 -3.726973952911635 -29.80052817008925 -12.802606910654902 -3.380350603687475
187 6371.492847919464 64563234.631932676 -24.160257125323405 -26.5267777074887 -51.485358371111495 7.347264991428986 -68.62133552363521 14.364279248950197 -36.98442126415472 -12.056394013858494 -4.612265035803603
188 6401.765752077103 65070467.947629064 -38.6823936597265 -38.29585564059206 -52.27745018889947 5.692393874339395 -70.48379955307638 -6.18004840376733 -39.157798787934496 -11.185247655623755 -3.9419466527000964
189 6432.724285364151 64327244.28509513 -13.10011719376853 -34.26814629372274 -61.90018375662416 -37.76718555398573 -113.77721845761488 -1.3548991811124438 -47.34909698377288 -9.5856895354774 -2.696989066491824
190 6466.03252863884 64719575.09220796 -6.45436078702235 -23.789686228326115 -55.024996807567035 -31.100278879653047 -86.04072011451522 4.041871803990659 -35.41341290206418 -11.802223922062183 -4.560441707635846
191 6501.302505970001 64466397.41790584 -11.72173744686749 -56.4431634440862 -50.68484249663862 -24.196853823796893 -101.07855462433513 2.224514528077634 -30.910294494610866 -12.28285842733419 -3.5141148985057953
192 6533.545264959335 66690305.1248798 -30.592061724199098 -21.8828493843047 -48.254963717305934 19.21373739025834 -56.58363865197679 0.3221370662687377 -31.52472575450099 -4.966605683254443 2.69536362091975
193 6566.833713531494 64681584.94924735 -2.089783030478575 -27.9299712257836 -62.23124746360856 -50.49564758214538 -120.96641318707262 0.6496432691594691 -54.182390604917885 -11.187191235829403 -4.466021493524011
194 6600.593370676041 66232638.095061146 -13.307206632293912 -1.8467747637843859 -67.60963318733138 -44.204436984763895 -115.07697957190084 6.332645687626496 -55.08739778567303 26.204740417198877 36.89264383573777
195 6632.593422651291 64359788.07464733 -3.895564607550951 -28.833436123751124 -62.72203205382304 -23.518779972125387 -93.3593406020751 0.06562970816719371 -49.97968435895706 -11.427772472257459 -4.119809417520912
196 6665.378871679306 67072585.01349513 -19.18595788320943 -69.04111674555851 -54.28782285054343 -37.35981733966684 -110.37193301128 -9.101404008025668 -22.091465619378653 -10.025680430477223 -0.06992621257762721
197 6699.305782318115 65537969.99102906 -4.282469154749475 -38.99967685716658 -66.81318413053845 -20.601011904330825 -99.39806046196696 -8.56000411615696 -47.00077445276452 -6.546470235035201 -3.5398959593086374
198 6733.423485994339 67427275.28738123 -31.83014151434541 -46.54381644951694 -47.97422238218864 39.87266511217281 -31.484526832123695 -3.482246595467984 -12.477668553770172 -7.4821311094656835 -0.24862678854509568
199 6765.690288066864 64484484.83588175 -5.412790868360429 -51.74052036541867 -57.85397701767117 -27.896922982172264 -104.39279856952164 1.299772963021212 -39.29186143186382 -12.857271273585866 -3.5710945511840464
200 6799.264693021774 64467852.18815842 -1.242050171053525 -37.15217501502499 -62.24566196661813 -50.23854397364354 -126.02991632710807 -0.7488707553596328 -48.52343465013729 -10.160152395862156 -0.6359731602023544
201 6831.253062963486 67883972.86314963 -29.563447590519054 -71.02640771376574 -45.03220517790003 3.143336805771085 -78.80705213887923 -5.621635718459515 -7.683927379280874 -3.154086154496099 -0.912333681296559
202 6864.551568746567 64021098.30661879 -2.901285029392473 -22.564027832236164 -70.5007057059976 -46.29180416086951 -116.95511390345308 -0.5316811352578839 -60.46973692635288 -12.244744764627228 -5.198408950101111
203 6898.496768474579 67745999.39970192 -18.226383903732895 -50.71298084877729 -62.00261381240725 4.745844588224884 -82.36110334697085 -13.025314645481274 -45.4603529479088 -9.995802269204432 -3.488197040868556
204 6930.321197509766 64269572.71822887 -9.3526293169522 -11.810931665472717 -60.585950642996906 -28.729232863573216 -100.56750439558425 25.322211165135172 -50.16403726081569 -9.486330433358148 -1.8676214449529311
205 6964.006690979004 64013194.4908265 -0.6413421061286249 -29.447706069138356 -68.39783197963388 -46.06196948417817 -124.4363732547227 -0.8191728740427493 -58.93382821180876 -11.385379945868351 -4.280087862301684
206 6996.665688276291 67402905.14794108 -1.4529683718907762 -36.041737028160256 -57.89270033249461 -9.568411884465824 -72.51615021690205 -5.435932325780186 -31.99236669626879 -9.67782243758478 -4.34457082983397
207 7030.483095169067 64368365.87562624 -3.09952269275 -54.99169692458181 -56.619356380305085 -7.362562371282976 -85.2478142549118 -3.1034855209560988 -39.314776699080426 -12.926873678132154 -3.917474657861078
208 7064.213806152344 64343274.274372496 -4.38460342412554 -38.47854663129665 -60.89388041194408 -29.965096734783444 -107.73035534146732 -3.351518656781195 -49.80157478927532 -12.929700960250386 -3.812991337983874
209 7098.015119314194 63993151.283281125 -5.155368783378008 -29.378617301365058 -67.46766834421871 -33.13557018311003 -111.32606042180052 1.1172423978413235 -58.51140431998738 -11.03109428681347 -3.9798779814473164
210 7130.902235746384 67484839.91622642 -32.8424994431811 -77.73762366851618 -37.908433321044996 26.290279483653492 -51.98815546517773 -8.766411586628124 -5.095394706545562 -10.033601838039488 -0.662003052035459
211 7167.359744548798 69397032.47163764 -13.436345632298746 -58.72917987402456 -34.25580318705039 12.204776033280517 -75.11153950173193 9.689887358808676 0.8176572905178432 24.66479821049927 37.141034476672075
212 7202.338486194611 64199996.34630978 -0.5486185920815405 -21.91484134444727 -70.73289804383006 -58.76825304431047 -129.76763186566419 -0.1641175148649836 -60.37093703308619 -11.153369117771263 -3.902965035083355
213 7233.799279212952 64331052.520808876 -0.183215990786322 -35.08887924163204 -65.93494943798962 -52.55441848303183 -121.74821215031966 -6.590706205983281 -51.8460742079119 -11.37518739507533 -4.566237882712755
214 7268.66132235527 64353014.84615773 -0.7033184671722186 -53.711478227715034 -58.83147827583789 -28.160165043922348 -104.06027387600263 -2.4431899022324046 -41.70904698844987 -13.04795987792454 -4.099689570990847
215 7299.680642127991 66127679.73202494 -13.089422374008532 -23.221654271282254 -59.6309727411097 -10.039522778927697 -77.24642692223739 -4.912365355117515 -39.410057404495035 -5.808371964308549 0.3751297336832522
216 7334.348765611649 64320886.968362644 -3.8177129626736157 -37.722413070641 -61.27578406559749 -49.586364362651985 -126.27920547985018 -1.6584645182305735 -51.50577347655201 -12.882667554371722 -3.7130729742395943
217 7369.070844173431 64106215.474049106 -0.4507127792617336 -28.908443852179847 -69.62731819622937 -34.73651057390154 -112.12178028668835 -2.316308838945247 -59.00629728264977 -11.176189766135622 -4.193389791246489
218 7403.328215122223 64935722.732417114 -18.319863192457593 -43.970336415654394 -60.21009578248867 -16.257387053085083 -96.63031844090234 2.15275082950194 -39.7214169694368 -13.72441336974913 -4.152963157163754
219 7434.902768373489 64101510.45288552 -8.874694886626706 -33.56056814776417 -63.547359904101356 -31.524082430845496 -110.11957914490468 0.4489073401849737 -54.94632086341602 -10.827883651111904 -3.3409735353204155
220 7467.399766206741 64264146.904810034 -3.3948237899530893 -30.92932599004062 -63.979149611377494 -31.076566003253532 -102.09139687071782 -3.877883183666029 -48.99617561825579 -11.396100116522803 -4.462224959599894
221 7503.103653907776 64147630.51230265 -5.449744825964569 -23.755503171307662 -68.52266563829224 -57.28285008422878 -122.29166095242417 -0.3622162705333949 -57.757311945580966 -11.215118580534522 -3.9932441788408255
222 7536.95877289772 64241819.93822793 -2.7394249477952064 -29.672099116812348 -65.13986908764832 -31.771643826553543 -102.50438843523449 -4.195593556131314 -49.760368399461356 -11.737882359858816 -4.9014990518766695
223 7571.680951118469 64366375.66644515 -10.94041217799354 -44.73506450789211 -54.71917107937542 -25.066984438651424 -108.55510191443695 10.624281958114807 -40.25824385735996 -13.129484575092022 -4.086494279502688
224 7605.122346162796 64784913.76461685 -1.5703565916662674 -30.159579310010713 -72.03005349488379 -29.960544876703246 -111.42545925824652 7.908413638276784 -52.33443126899664 -13.585150597406482 -4.936111172616222
225 7638.472585439682 67798989.9722024 -27.036076131030214 -66.58831604651282 -43.29670771903742 11.85789177632752 -65.78358433191852 5.020589191082593 -7.143020641299358 -0.4530604849702513 10.922956264732875
226 7673.206166267395 63998918.28011349 -1.9848663114874041 -23.012335233709763 -70.98004586960643 -46.158820461715514 -116.86525822712724 0.27368743597037337 -60.41473699255789 -11.627465488633618 -4.383538633213391
227 7705.0005893707275 64826934.34916028 -29.845448684620465 -43.10586460055438 -53.83929793888161 -13.686113230200704 -87.8937680494962 -4.783738496902288 -33.77706508784212 -9.24959142776288 -2.3416777893034464
228 7736.251823186874 65147084.36033581 -44.487030070998735 -62.192751816176376 -45.05769505729585 -8.0818014032849 -91.08484514969507 1.6217932351182185 -19.45050836527588 -13.666120369081455 -4.265662127610483
229 7770.3865621089935 65774738.73528103 -52.29804162883168 -69.40449380392363 -34.68181417601867 22.190046882635386 -51.99327203895762 -11.03091178864753 -19.797327376777844 -7.709856449078416 -0.7679293447537248
230 7801.396057844162 72234715.33820139 -14.359745260744138 -30.53270599735362 -57.006662571891994 -25.668060081756444 -103.48274289123042 5.874993622048578 -35.00682563899073 5.992005608696104 18.254971999273607
231 7834.352046728134 64028890.3706239 -1.7940127680456257 -22.14416705707633 -71.57996354136517 -46.669977612455455 -117.60174201739358 0.287812294696721 -61.80031680471768 -11.4808989123282 -4.564415343093685
232 7868.266757249832 64178275.356848165 -0.6677380739608418 -50.14793973376807 -63.5892948547222 -73.72844200336868 -138.45877363763307 -4.013857733042926 -45.25788143215283 -13.30142731007794 -4.203323476894866
233 7901.243992567062 64295749.15524171 -9.815571153870748 -57.45981419976554 -59.117406586006865 -40.35503738454925 -120.43486445576556 -5.415801587207625 -40.937387528740885 -12.271607709146735 -2.9361299946428403
234 7934.235801458359 66317305.015724264 -19.57613025721176 -59.000191082793165 -47.846443209016634 1.5964159988896327 -57.24398838257219 -9.173625816253832 -5.874359876510027 -11.056986645595941 -4.242498799536634
235 7967.87290263176 64585484.02068216 -22.902803114659882 -22.418900687625953 -45.61626567105035 4.590882966013595 -67.49262169752774 9.117244518762163 -47.565288933551244 12.300583977351835 22.625131881134166
236 8002.1936647892 64854568.54492702 -29.624526158319547 -69.72041028428688 -51.55088038414693 -0.49212824507993247 -80.51426790595954 -11.857814422172055 -25.11580571195583 -11.699659439201753 -2.0004391923713456
237 8035.418920993805 64168103.497414574 -0.3919590702621205 -29.706884662841503 -68.58599035270274 -52.6868419804681 -120.82434831898934 -3.7549211440032195 -53.191477747911506 -10.286667189925424 -3.3339636881806882
238 8067.4007127285 64565085.02675292 -12.559301755683338 -50.07011532448257 -51.425866112613456 -36.76222908876605 -109.24882999486933 -0.9193709398400074 -37.62070733290341 -8.551659895593502 0.5391169484428815
239 8101.538903951645 67421636.17224513 -18.01677198406565 -50.05957264014613 -44.04924464561926 54.010074859549974 -30.025001701657857 -1.5885235954545465 -22.779263446866366 -14.874213043924613 -5.837642520863085
240 8132.8652992248535 71564909.86213955 -7.595306989787597 -16.794974924177744 -41.28778170656577 28.074989701297334 -62.89133696676643 25.247783313507398 -34.11546143080176 28.94977637709485 41.543287326467976
241 8166.734227657318 64099888.948388845 -0.20062188061413 -26.299617920103387 -72.17806599931814 -35.19837137397588 -105.59193498061869 -4.595083910222513 -61.123670651399266 -10.141719914241776 -2.838581830252963
242 8198.429033041 64303881.460685536 -0.6184544544022819 -51.71868288349602 -61.94691494042365 -29.651595329933897 -105.24661476437487 -3.6088885273915707 -44.465636718699784 -13.559790588644773 -4.253369700100393
243 8232.945940256119 64191640.23301605 -0.47443038745302424 -51.235952842687226 -61.10838265990993 -41.14265335324477 -114.67843626703124 -2.875765022945245 -44.676027430176816 -13.110949997178352 -4.2955212940808565
244 8265.121138572693 64057489.506361715 -0.8777573109936005 -26.689375970762967 -71.50389538370456 -35.0001963549009 -104.78688316800637 -5.669335787426689 -59.08192777723622 -11.562801624231952 -4.517189385640222
245 8299.515355825424 66122756.681850486 -28.96394455797913 -54.91462808652939 -54.81083662567705 5.123029569522586 -64.10585076837887 -6.297267491971809 -15.018001296054592 -12.125200967258024 -3.394028802786181
246 8337.65794968605 64690741.14938999 -2.825228025624055 -62.809075489761184 -60.443584809103584 -42.23720137950926 -113.73187787405487 -10.269034646338582 -37.116644964494014 -7.721379700786144 2.514458491683115
247 8369.655324935913 64183320.528158315 -1.8756803851615045 -27.238856852516037 -71.50833556867109 -23.122590398036785 -92.08405482707866 -6.470912281335075 -57.10325883750198 -11.324722204021441 -4.347721342909438
248 8406.609355926514 64546103.98235083 -3.420655206960145 -55.02254031144433 -61.605853581469084 -53.67293785358689 -115.40611510847042 -6.106544436187676 -37.40271793925979 -11.412731186825965 -1.9782022217145254
249 8438.167989730835 64185117.785658754 -1.5113329657235184 -27.298042956244448 -69.90735100560975 -46.28326272582383 -110.2458257810246 -4.736177239970743 -56.267266568394746 -10.240950841716028 -3.2513548470760725
250 8471.601579666138 64780094.76726316 -11.95543139797942 -29.660544608632918 -54.75862646067556 -2.3237873111616807 -81.21814999479538 7.08889354673579 -37.79150291070846 -11.521187438085406 -2.323334892274147
251 8503.153232574463 64195671.31726261 -1.9747663217804572 -21.63846335184905 -68.09326430395859 -33.38760984375151 -103.50124314477175 -0.12198293360768275 -53.99859438126032 -11.999746678647796 -4.876335120394458
252 8536.94822359085 64256505.97954075 -1.4524781187880915 -52.29658268700553 -61.69930968669378 -29.51745556529889 -105.27819708369766 -3.521230127800095 -44.82134109319907 -13.684504242847765 -4.623183636477961
253 8570.312631845474 69742437.26544555 -7.652086309031391 -24.654380542876723 -59.34716143061369 7.725996400710187 -55.4247796158988 -5.767584624520339 -27.525307728254518 8.278361687822155 18.089223198143827
254 8603.420671224594 69147609.96208943 -0.6952786184457036 -34.69136616038088 -65.53459252632652 10.73695767110354 -62.02745533650113 -12.358650408369385 -41.515619725769284 -9.270237212839731 0.5827533227590038
255 8636.627918481827 64789408.7424822 -14.457984399692801 -35.00708515614157 -61.178380366414686 -25.51046605892664 -106.10770885045628 -5.870792758508401 -47.93106021864975 -13.601243985549445 -4.2991096335514385
256 8671.20225572586 65237467.3504036 -26.104014696074323 -56.49229460497198 -55.86945289724237 -1.7865709944881658 -81.28314520102514 -2.6576983401295706 -24.67924207500073 -10.14560315014944 0.02489202002482216
257 8703.579309463501 65495035.15747528 -22.721027031115764 -64.41039669006459 -61.210018759800185 36.83298181676178 -45.31508198621511 -22.075393136100956 -35.37668036752456 -12.72355348091645 -3.605217474912479
258 8736.214251756668 65126455.7285206 -6.710254983823394 -31.417951956337546 -68.07620726517015 -13.221697083516524 -80.29632187849239 0.7497408615341214 -37.128626725043546 -9.36903113123384 -4.210029223156994
259 8773.187435626984 64194348.330326125 -9.919007570919094 -39.71876382591904 -60.476730203404 -29.627276787733827 -108.46413470094791 -0.3214426249883786 -51.405332939255345 -12.517765467263473 -3.51605821251178
260 8804.9302380085 65560167.44006019 -25.094676218055817 -54.36212913359579 -62.10086884151933 -7.307433027156975 -92.77521358484886 -9.131815835518296 -36.727302776960585 -12.664127054657115 -4.690345346585502
261 8839.16106748581 68187748.91394795 -12.09312882783911 -24.47686304583709 -59.82892672016422 2.2092074689198142 -86.61296108292278 -6.282363839221659 -48.175623521556076 7.211409643639172 11.13530098019885
262 8872.565357208252 64700645.27729013 -6.391496867989548 -14.452919915938516 -50.13645839856802 8.488963091507351 -80.1701467549576 24.512941134972493 -50.23454960010673 -10.946762859838373 -3.2246331033508113
263 8908.376244068146 64583577.98240675 -10.130959529088987 -48.449108708267836 -61.48732809608732 -5.492544850206798 -85.66965950311705 1.6236414443530975 -41.013556864848 -12.52871084878791 -3.146381455497192
264 8939.50586271286 66956079.640045226 -5.383357729165533 -7.506881620323059 -62.530941420491224 -11.89840520145733 -79.61708352727653 2.5458772031606145 -39.944923555510854 -5.821710627751884 4.087557010003081
265 8974.180699586868 64011003.02467773 -1.1905008086014615 -44.18427915942093 -69.63788241190656 -45.53880757225496 -117.7125984487928 -7.476094830442605 -53.05726049745323 -11.132814428036738 -3.6413310112284307
266 9006.197851657867 70112303.8256364 -43.28907820896751 -58.84386892070547 -30.81040467637586 53.773938690205824 -36.6547902879801 -0.4390380738976205 -5.942175663243518 12.109240090765866 24.399900052588578
267 9037.54676270485 65869723.01377368 -10.204130769228215 -22.47126649705038 -51.86347103052447 -9.078952957575268 -60.227660890690494 6.615934034574764 -15.605240992079757 -6.335155741892038 4.083755571120889
268 9072.435641527176 64752062.26063872 -4.5582008714376565 -37.574872186931664 -68.17730455302471 -28.068906448725635 -108.82644547834344 4.367918931505187 -44.72201581683197 -11.972258436808659 -2.9091722169656578
269 9109.63846540451 69445991.05552514 -15.319524928428962 -75.99141429149479 -42.113686222409164 8.166004687586955 -65.28743212868648 -3.3173970097359415 7.885026569800743 20.951912823817224 31.266332567820655
270 9143.566814661026 68011508.74155036 -8.768233333785798 -3.758442033317731 -60.369542348975905 -8.431298521970213 -85.95978974011221 17.889485633791423 -42.23982093599477 37.535456970266864 53.96829609354859
271 9177.36992096901 64126871.217985645 -0.6958874643607107 -51.279441707039574 -60.651771889562276 -53.376948664340496 -126.36138726355631 -2.0110409137756733 -46.13899759922094 -11.87361819528013 -2.9968369866017497
272 9211.113192081451 64735194.72520708 -20.207600935527825 -50.49467223618979 -59.100433348499834 -4.262781137085113 -90.53506415973762 -0.44109927946067273 -37.872620060028964 -13.924538054713992 -4.543942169438651
273 9243.971807479858 65942549.47314348 -1.5774727389012506 -47.556559984842345 -72.05488324385172 -11.896197044905676 -94.65031268336315 -13.056938561591778 -45.32193063416713 -8.940779309454456 -4.411440707811835
274 9278.204706907272 65528869.59543225 -7.441805551974526 -28.052737461321378 -59.94337720444134 -17.289795446877683 -87.88857760037902 -3.689597553250394 -38.8093031337454 -12.868581535210353 -3.6586911231130443
275 9310.35566830635 64837967.19494147 -18.34799917562581 -47.52784116230713 -59.17784512200916 15.455072905200478 -68.81157566788256 1.9993939937402274 -36.71740569582926 -14.162116440909472 -4.713750165648378
276 9343.545716524124 64553005.036487356 -6.214016901197888 -38.68510481970276 -65.03651166932013 -62.19109867238332 -124.81244731213376 2.758342256508513 -46.03905295816969 -14.030202178666286 -4.951075661628295
277 9376.837703466415 69441265.51866929 -1.4324956433463516 -32.62992302305131 -58.89840993691216 -9.6123498131143 -82.30022500227031 -4.544973462693406 -23.574342367807674 6.956123387169669 12.368061254936606
278 9411.6682035923 64805944.49207122 -26.903405508126767 -53.345092360943525 -56.52378739175757 -2.6911670272763573 -89.3682368016132 -0.33812488022761045 -34.50062421150392 -14.249517504322512 -4.7922843463043705
279 9456.535678386688 194099240.71008036 -223.40018979808764 -345.2086133118986 1596.8485429370678 663.2386806359116 401.34141463050076 495.22937907829714 1320.661489337793 1014.1540059508425 1054.3165671823745
280 9491.932596206665 65200091.4228647 -1.7629734006743938 -49.084856203003845 -68.7955106680826 -13.701256794210096 -75.49284026173385 -6.514805494501161 -35.14818766105287 -13.702204971116714 -4.471054124341606
281 9524.411665678024 65271978.47709759 -12.963579730639598 -35.41195611902528 -49.21418951287463 -14.237338755495117 -64.75446685716449 -2.4910434571778524 -17.195650223286748 -10.603524520559404 -1.0323487973132046
282 9557.817961215973 66985696.599936865 -36.72442186192329 -62.546926219487105 -45.442521664713354 29.601166641462672 -37.24261306955686 -10.69275009632753 2.0905374134773638 -8.440826172832487 1.5844539448096384
283 9592.056498289108 65991230.38809653 -15.731430497902126 -70.46011872269312 -55.34888679941598 11.966672148481116 -53.00043304707048 -19.221156290756085 -21.067160180043516 -10.957264715812641 -1.6709460928030353
284 9625.518718481064 64994084.04487478 -4.436129366040381 -20.05800813002964 -68.9421457312485 -22.33804630921766 -109.62698486234788 -3.5100592624902447 -64.14304433162317 15.880231512844148 28.202827056698084
285 9658.819598197937 65210549.005314186 -7.1850056185786855 -52.58583843863919 -68.75589331584828 -40.87781161076094 -106.73267683265385 -14.445357763794277 -33.78336744045447 -11.384724562354222 -2.6295370340133104
286 9702.644115447998 141894530.845148 -115.16495113716726 -259.8790415194428 1521.5126403326494 557.6983063551694 331.5201011384288 503.7157449392172 1242.7456718821388 477.48293938595225 439.3679429260342
287 9735.483226060867 66963891.627508104 -4.8014166204231845 -14.962188037926198 -66.42322062744483 -36.7130553863222 -97.54284595882743 9.29360087474231 -35.13377373310493 -5.717182261656433 4.722595709661789
288 9767.779911518097 64007532.51866119 -8.96007299097629 -27.65097329468104 -65.1602475994358 -43.133585372876894 -113.96162629870791 0.13810407472726638 -54.36041788988962 -11.369318831844907 -3.729490714841802
289 9798.88616847992 73951948.60089017 -65.24936935406947 -76.01860130066052 -0.5949072473534613 117.57339647208573 -0.10125328763456576 7.703265026672568 23.001388908714375 38.29474570035245 53.140020613987645
290 9832.505511760712 65029853.990895376 -6.081626212013585 -52.52166058278146 -62.43136250172629 -18.073963253801608 -89.29171342342478 -7.438192980562064 -38.05617334687952 -9.900083073610233 -0.13454774038365258
291 9864.78193616867 64358097.61667489 -0.891056976319784 -44.68365843498911 -65.50747362600436 -8.300051761599526 -90.86182334383287 -5.428360172254145 -51.53798683962896 -13.651561011126432 -5.668948264442747
292 9896.978460788727 66694301.11846564 -22.413625345337657 -55.25446073444185 -52.652660477909734 12.324928047199379 -52.618733990330895 -5.17663650778087 -5.785682998737855 -4.426483482030392 1.817114056386174
293 9927.652101278305 68941480.59933963 -3.7158294362771542 -13.763520068900135 -68.60217553800743 -26.608574163350937 -85.4010404447062 1.766999323146706 -38.52016268509084 5.290123088395035 17.412783207609664
294 9968.1598508358 170525429.35921657 -183.46958140645836 -282.3853602312298 2406.3582715407547 565.9144093796177 385.1223607105274 367.73423638624115 1012.0646951469232 876.446962771111 896.5824527625241
295 10011.951872110367 181655525.41768512 -254.02914381180298 -330.4408728973413 1835.7173671653452 629.1461887294 428.9479797378399 607.8745555642192 1579.2107272834915 845.3277449033083 950.8308023091663
296 10046.125358343124 64213373.442380056 -0.9207520271887581 -48.0835849678258 -64.38667791330215 -43.102692316679814 -115.53576027184666 -2.782948909938625 -50.38722890930512 -12.58763034524236 -3.663453470958757
297 10078.650215625763 67802993.12914604 -8.694863782998326 -26.323080455523066 -72.91887331039146 -35.239401911629635 -98.16538139040242 -10.318080852970581 -48.00322567587318 0.8754964725862351 11.57995779450789
298 10109.273028373718 66523230.582226664 -54.948209017877716 -10.53916613722217 -36.174547915133054 63.2196478272571 -5.751696757504073 12.014180509915946 -15.594021294490801 22.365260432297077 34.51917380143618
299 10141.273820638657 68740665.99514553 -4.883354284747758 -27.1610320238166 -77.10108678750308 -30.06429303414815 -99.18948146465303 -2.6029124673466413 -52.11119191431442 5.803862340314481 17.717107764091338
300 10178.63531780243 64498611.02251205 -10.787853745699795 -47.58131932769077 -62.417879936324866 -25.33112956462073 -106.85941858275794 0.5887423371621594 -42.827496484669496 -13.791427591390232 -4.634858919004557
301 10212.624532699585 72916337.16241084 -29.123222166043718 -69.71979130988105 -21.020316970266002 67.94618340815558 -10.38904114465361 6.99981745600121 24.41425596411898 6.328139127808981 15.70755409380115
302 10244.24362564087 65923847.24982124 -8.136299371353891 -64.37515028658468 -67.01520539654567 -21.30242587936695 -97.89650377970692 -14.284271880046447 -26.20647707023329 -8.832828485024834 -3.150665243482422
303 10278.5307264328 70563380.7157135 -4.4621785194745875 -22.403487776657762 -67.71988928751114 -25.627844400716718 -82.85541442065812 -7.658638794921501 -37.68754031017909 17.50247998463226 31.4218785198492
304 10311.638151407242 66057280.31908274 -5.004998043813283 -50.37055117947325 -41.231219936632286 9.99747727711216 -90.34401725334841 -7.60128436201785 -44.65959703503239 -3.4609635686892943 6.311998943988044
305 10361.48774433136 227488020.5713442 -106.11589695964824 -197.90818306997625 2671.4170200716094 752.5027502593393 468.4504753478834 757.1870944873792 1768.5382772559692 1213.138852013226 1259.185457199991
306 10392.540733337402 72375442.39006232 -32.65705100281502 -45.73259715791015 -58.27745784632728 -16.370801444835898 -91.15406903086954 -9.00895349480379 -18.369516020295862 30.342248606600492 41.951900721061065
307 10427.673921585083 65104857.335614756 -24.24076712126944 -79.95911599700312 -54.14799332923041 -25.74294923526451 -90.87148913211475 -21.7130359301878 -19.981232909702953 -13.75371260620534 -4.562146350662431
308 10462.110238313675 65383226.05004017 -8.868932991109336 -64.24828938939865 -63.82601115129317 -20.03292034319216 -94.75578966934948 -17.241122116426084 -38.86953989379697 -10.596904313379525 -1.192284867309695
309 10496.0496468544 68015046.33866552 -7.874381978221632 -40.12976265704071 -65.47661824368737 -21.6926171151838 -95.94331785332136 -11.990623611886804 -40.786950190298626 1.9151160222351677 12.990391638140864
310 10528.495764255524 66481958.77449667 -13.64663087773451 -64.83032417951271 -59.366838440378416 -9.971248499698525 -72.99377339445611 -17.777365240088955 -23.896531200972504 -9.56144184951745 0.4838510513873757
311 10562.644210338593 64909235.80546576 -10.51411333346734 -45.40625806640172 -61.164940069339266 -17.261059750888307 -96.13670384920164 6.693139916684686 -37.36188929660011 -11.151052953246676 -1.5440560438638613
312 10596.71012711525 64803526.09078123 -4.085935494302461 -52.141863428457036 -67.58905814316486 -20.40202379681761 -99.57767393436416 -0.06752393664766032 -38.190518016879366 -11.86881465280021 -2.4618352623699025
313 10632.29711675644 68072017.0844983 -9.337082058204217 -21.981933716893742 -52.791362459824406 38.562143428624914 -49.700027491383715 0.2026156817906326 -38.1961636539433 32.01840304249754 46.683536394703424
314 10667.475053787231 65843626.121666715 -18.676722673664084 -65.60188251048547 -61.32269062175449 -5.742012479337205 -76.40151018522677 -15.54755527550492 -21.898950260122604 -7.099178968037961 2.666637451585757
315 10702.18205499649 65250633.68012771 -12.09623849461478 -61.79514232027542 -58.57403144635234 -16.009969281261363 -89.3699745525536 -6.07853667351651 -32.75365909669381 -11.009155320686943 -1.3527652826071517
316 10736.831676959991 64494587.80002422 -14.839057421146752 -38.07657944011567 -60.24879615355128 -9.037047706728451 -82.0506140576575 -0.6298698353467671 -43.77820727039807 -6.653126464537365 1.437757316344232
317 10770.371104001999 67092337.90421544 -27.82566463592913 -53.71387848878543 -57.9940272071254 -15.42500594521281 -84.34917282166025 -11.144639869056277 -10.647562918079245 -0.8560084523484761 0.38087517143543437
318 10804.214369773865 64573493.920727395 -3.53889410351149 -55.65556240488934 -64.43943276235085 -27.197998361791313 -114.82528767609504 3.380175306769445 -41.26623658420368 -11.53808151292111 -2.021593178619696
319 10837.438428640366 69718502.0940036 -23.966610577771814 -47.19852558741887 -57.93929259243669 15.052356659327884 -58.575012940819036 -15.980606216191518 -29.720510423925077 10.604274446385546 23.36733012761954
320 10870.923666000366 64982815.769822545 -11.850888373628123 -50.945508354902806 -59.530879987126745 -28.24238729082508 -106.91543604405504 2.0595640385677143 -33.864765321252776 -5.760054520037954 4.720172019871484
321 10904.506724119186 65079412.67063352 -1.3326255594459893 -39.118780070317705 -64.4830158639488 -31.336327331065625 -103.50886979248392 -0.014874974020017362 -44.68832438418548 -12.763161798879707 -3.188989647783899
322 10938.79385304451 64974674.15874068 -14.12347944090607 -64.68225463821982 -59.32984182614936 -5.161758013901164 -83.77725942785446 -3.518076834842077 -29.62077493150008 -10.095202095462469 -0.08096504042305241
323 10972.110340118408 65817138.596988134 -33.55527354897058 -72.14570607500644 -47.06966532634308 22.57561917655611 -59.339031743097976 0.9983037294626911 -6.470729904753966 -8.085186104428658 0.642711257468136
324 11005.231191158295 65815251.828595094 -26.23027154165635 -68.15672358282517 -45.17043433294432 17.597063056728594 -60.327097708265796 5.052534421125131 -10.345004640406842 -0.8684225766853615 9.368085484639437
325 11039.558467626572 65072558.23614544 -19.44106103312116 -65.74725703293784 -60.603375857424176 -4.915216267588704 -84.24973349384724 -3.0196171262674056 -26.985350999424043 -11.242198572051166 -1.7745291738700075
326 11073.743560552597 65100950.252957486 -5.630447219561981 -50.6783678894355 -59.96852183253898 10.52341907075894 -66.91420283901053 8.825740920737587 -29.865804974513594 -6.501900137728342 3.306062118729926
327 11108.26640701294 64745576.09434137 -6.0273780676092334 -58.11941834108049 -63.697320853688765 -19.360092708228905 -98.542809697443 -1.1037793070884163 -38.13321873198896 -11.379760539547192 -2.286860635063988
328 11142.699769496918 68848307.06583124 -34.81356033964812 -66.96880447831649 -38.433061071951556 24.60592681203265 -51.737390661747554 -7.395768577443448 8.576932972335271 2.7829309161919014 14.193900264721151
329 11174.685629606247 68711761.41545221 -7.456481321195032 -23.93365213956693 -77.0924902891501 -18.350739865787688 -89.52425609182391 -1.804777473432182 -45.124051685406755 10.16531107463885 18.414663091230864
330 11207.59951043129 71737906.54915376 -0.4081442776485851 -53.88807203482882 -73.22693531106584 -36.40006749980617 -96.59435338855597 -19.72800456449744 -27.51159542922369 3.929302155036453 15.342604084024174
331 11240.482127428055 65111650.563019164 -20.209540700471536 -61.51274096443428 -56.94732984217407 -3.523415065844887 -82.86789367297891 -3.02341659475519 -31.010339665942013 -9.34929394724935 0.5868131383751347
332 11274.0035572052 65257684.96890111 -11.726267612930721 -57.67190301587578 -61.539956202175595 12.049983207675893 -68.15297482051206 -14.648954124584122 -43.44147965518357 -11.292121017420186 -3.436681224339168
333 11305.779388427734 73939640.64432581 -12.577072982443315 -12.769598499948177 -43.4879455579271 58.66678683946253 -20.252319777354916 6.916392281477329 -14.714767547653707 71.59730264699408 91.21458347247619
334 11341.624345302582 64200457.93823273 -3.178589035314417 -69.3686213195418 -63.89087235706134 -7.614995683793893 -90.79915887495437 -15.541703112877599 -40.965121637741674 -13.345906424272926 -4.912234599356452
335 11373.542763233185 65022201.59578814 -0.7317966207578168 -64.23006984572834 -64.5440078057017 -27.46989836029759 -114.94892047810212 -5.0539230392829495 -38.7907003668206 -8.458183528850498 1.7839966813399428
336 11407.740999221802 66131108.45019558 -6.421911691622209 -62.17035393808589 -61.86904598458021 0.47782993499245663 -73.88499480732663 -3.426310269792964 -17.436023441990358 -2.467465602028369 7.509013112007665
337 11440.260655403137 68206877.92866641 -7.142237033596385 -28.278590250586788 -68.67667549485742 -51.26006295880504 -110.58449175546039 3.493399605676416 -44.345618510461975 8.171918001551376 18.46903950929618
338 11475.719474554062 64767981.08130394 -4.432057798580379 -64.64814258764379 -73.83424252644738 -45.192572084069646 -118.65012622769278 -17.11777978562236 -48.28327601064751 -13.264272985948082 -4.57288813470808
339 11510.891958475113 64828287.47542931 -2.079998526085177 -47.225668762995994 -66.65434963347792 -39.589695868846746 -121.16588784090779 6.607397806023641 -41.656352051275405 -11.469339615880244 -2.1893734827036724
340 11546.752508878708 64453951.53890895 -6.5582602788734485 -74.01252332324428 -62.43730410399799 -31.447723293045108 -100.99700436397795 -16.42696571723485 -35.73322093847895 -12.222445243018399 -3.0511123906382522
341 11581.130625724792 66605150.22859271 -2.186081576366118 -48.656791778528934 -74.82304933909148 -26.24763570726752 -94.69188276192185 -18.831941784707624 -49.03886751089169 -6.168261923213777 4.060541944802537
342 11623.5370657444 159269862.54195336 -291.13840225710675 -318.02840851937265 6712.511910475087 708.3477569111686 507.43207124070267 737.9904516393585 1855.2959050364202 553.890673168903 613.913861066427
343 11656.89561510086 64773215.62097069 -13.895180490922543 -69.63632825698772 -56.94501892480082 27.692225269451335 -63.9708991913393 -7.555356554390755 -27.08198120874249 -8.201093471120032 1.3670712084357888
344 11690.65158700943 64812128.14743243 -11.9756526602479 -55.48012017222252 -60.20694602656243 -23.630058527141955 -103.64365718181699 3.6214723173996504 -30.003676393678404 -12.799649241008694 -3.2043558565118246
345 11724.680359125137 64701307.10779469 -6.3480629803044515 -51.9239602358482 -52.48024773244148 5.869253719830404 -89.47315937578477 -0.7033073962307412 -41.653384137686146 -8.14122903451073 1.663934447709778
346 11756.553582906723 70534985.27528982 -6.342585981713141 -49.79252145493384 -69.27671919451814 -34.11153205134799 -120.80564562967395 -11.702239462502234 -32.20064085083044 17.768038725380734 31.021836436107492
347 11789.57177901268 64789633.486575745 -13.073200082465974 -75.11952234407863 -62.66208065324353 -39.42905193344049 -112.67547019176587 -15.436888434977902 -32.459420899158545 -10.057546761747346 -0.048808663750264714
348 11824.868839740753 65098935.51343955 -5.771215889549579 -63.481654087715945 -49.719983392600994 1.194298705053086 -97.84221197542222 5.96856184713522 -23.71565970103444 -12.964729612470023 -3.5194750249841036
349 11859.813177108765 68347739.84161508 -12.815857676863914 -81.19618885435037 -62.25347497796556 13.279121008680896 -59.957392878919144 -13.574415332176272 -13.078685343649227 -1.5978003135001018 9.43450576467069
350 11893.335404872894 64665798.90456327 -2.4043581785621253 -73.74849610676424 -66.6058810789408 -53.386965069120464 -135.29509210866286 -15.147723044006511 -39.14408567660712 -10.748887273760147 -0.8908780158062655
351 11927.176832199097 69881836.36370948 -1.653687520124894 -24.68974716700094 -66.52687154815676 -36.40368811885175 -117.67188064035929 5.332044274050077 -42.0681017132153 13.962244327995222 27.422839311178905
352 11962.99819612503 72264772.85244119 -6.216042309166933 -39.288660429104795 -55.50215080801229 13.300240280383221 -50.659292133845504 -9.12804594988495 -16.826776014867733 24.841294588845358 39.40096324652643
353 11995.312640190125 66219735.02837097 -35.128289201071084 -71.00749121708655 -38.98360679623301 18.353012233174283 -79.08889364036202 -1.328016162825918 -4.503324578726961 -9.867960256620563 -0.8692095606045882
354 12030.404147148132 64378807.51312889 -10.313903403204176 -56.61172115355217 -53.634805153847495 -19.531969927287875 -92.8319172928019 -9.062866542542793 -39.15640732841695 -11.737071410034048 -4.235329407788356
355 12063.552207231522 65046846.82187345 -6.112964718834076 -57.580725228797895 -58.330106900723166 -21.069704767138425 -89.90602722211429 0.4333412141838835 -33.31535901511285 -8.645776223675739 0.34333237125014193
356 12093.94815993309 66248799.178065665 -32.588005152422184 -55.44544272019512 -51.2497643001994 26.155740655688874 -50.988526808383774 12.59452716341741 -9.600948173125175 2.582363451516983 11.44109204398626
357 12125.65278339386 68620681.62107207 -16.581220321184745 -68.70560804330258 -53.842532309776416 13.968700283802313 -49.25039688838549 -5.329207057716701 -6.437920390478439 -9.669105915925002 0.17105155853562337
358 12158.936621427536 65526203.24849194 -0.595294680033434 -61.21557705970162 -65.45365819750751 -51.405859118710005 -118.21744242353442 -3.2452226274680243 -20.361325515617693 -10.681768403053866 -1.0576588362720827
359 12194.444741249084 64701283.8296013 -6.773618039104043 -54.392084198166806 -62.196349155377675 -48.945529772191264 -116.50752068423954 5.67425549685106 -32.312529251648925 -11.02978308566145 -1.429648996304138
360 12230.19955277443 67244686.4868673 -3.2662716500881235 -37.18334105023741 -72.728145065892 -24.539554291210365 -99.17163783408186 5.350729857273393 -37.84175158819596 -2.7390863685753857 8.328843737652221
361 12262.491171598434 65761146.40481218 -12.462832402236117 -48.17005921111164 -61.84875094081923 -18.19847108158308 -90.12685970284537 8.652394798992304 -29.738834715742257 -7.530384922924156 2.860550076712741
362 12296.64965581894 69374508.8847181 -10.279011608787668 -68.44194724807329 -25.494199002576572 41.157184670790855 -64.61201915632503 -2.1643231286619766 -5.47208436638482 4.7194845503988745 16.476725618746173
363 12330.607158184052 64718407.762063675 -1.9656256807549033 -69.47399097388237 -65.96372208129318 -20.55912029901264 -97.65518191178805 -9.187584655607225 -35.93707345271048 -7.593497468630687 2.6155687789225794
364 12366.75377035141 67957322.23383112 -57.82943385066515 -87.00670938508836 -3.787335082485562 141.21433276455696 41.8446497041065 3.506425895152688 35.80681295090301 -5.0291751658146495 3.8727686563919974
365 12401.70551609993 65798865.332462296 -12.293916502380391 -75.31880932186169 -49.544186446066334 26.777348720413798 -49.39990044247144 -3.674390480607485 -13.847554677601522 -3.0627200256788 7.049877101388461
366 12435.282738685608 64994944.34828306 -2.144586981684199 -21.682292303887067 -71.34213092900868 -59.642484511201424 -126.82164568201773 -2.396943659172507 -62.62626977046784 14.37592119429246 27.052066671210127
367 12470.466532945633 68727542.92157452 -10.044488577150716 -62.62495350576741 -62.20135853384126 5.9068140832144564 -78.67656137017231 -7.699154596897188 -29.630339445718107 -5.430533829099602 4.994254694585436
368 12505.064949035645 64399301.51393565 -1.1885531323256595 -58.91956518832255 -67.04918751506068 -28.097208037070338 -109.25322678635754 -7.412954365933615 -43.21826342759226 -12.885345840665252 -3.721922471422772
369 12540.417910575867 65543946.90273425 -17.33262951613889 -81.21744636444708 -46.53184399178142 -42.22116105321817 -118.83387635500793 -3.933849859771385 -8.178916509799365 -7.7161883117695425 2.2681338861224276
370 12573.637442350388 64732258.40680277 -23.174030929871755 -82.29643281130254 -57.8603585934244 -24.36069595002433 -113.16531462514696 -15.82731274385685 -28.83458299341646 -10.859919308166411 -1.475104411833172
371 12606.00900554657 67260581.23423308 -42.14047703142018 -78.63837984365105 -52.75307343160271 -13.78240405343243 -75.28758089476474 -26.436458645442883 -12.332958465430124 -4.043181069594368 6.6563163216964085
372 12640.375846624374 75661840.25936963 -5.08974593670767 -28.162974997184804 -33.76990713375047 62.49147304128895 3.71297465443057 2.6763600673392602 32.05461190684093 49.56935245346108 65.28124622502946
373 12674.382452249527 65844218.32748715 -21.38209112429733 -80.98177163772023 -54.72787607390772 -16.54201227884912 -85.02289369142062 -15.526390783130296 -19.786827284151116 -1.7880310406355875 9.20107151626695
374 12707.071474313736 64539551.55990197 -10.529639174707004 -33.907084669111896 -53.730927661207474 0.5616257022443989 -67.21447044414603 9.08391084369805 -32.96206232425607 8.14509420195958 18.35425146821649
375 12741.568018436432 64867681.24473729 -5.19117125439687 -30.961295794080158 -45.913965517078694 8.548621197308101 -77.71255922565805 7.603994624428424 -37.08035851138402 -7.417262501204561 -1.5482712833264713
376 12778.143576145172 66882930.51780365 -15.640852773342925 -68.25664597706273 -69.92505179111421 -18.782913732926765 -97.02699738309913 -21.55041546573051 -31.09913139749773 -5.6220811618071025 3.957216337165164
377 12812.713110923767 65174993.525137484 -4.1407864762034094 -31.72545764041803 -64.03136322779929 -23.84948221756388 -101.63493409543446 -2.3228645595375497 -53.98478017031391 18.484309708123874 30.02445094289783
378 12848.347874879837 65611665.75995476 -31.81402212538416 -77.2973542576003 -47.10642738070148 31.851313189384186 -47.391352289099515 -8.086252371374599 -9.058927479092858 -10.509514555871874 -1.7247661952753788
379 12880.94100689888 64752112.83524466 -14.126114412864842 -63.17328571126814 -56.06664126599083 -15.165892900818974 -98.14447148183118 1.7297369225422585 -28.559459491950804 -9.952920490612769 -0.9992302408813316
380 12916.668907880783 69800480.38734338 -1.85610181394798 -40.705260922368645 -59.53488710471398 -2.6751658347889347 -50.064459200279884 -10.008943975612453 -12.182911909148743 8.532426159515126 21.131042629939657
381 12953.80828166008 69697757.46224222 -23.00399886718841 -61.12190313519358 -44.132622438729065 62.15914495721551 -17.09334905180036 3.551376544425011 -8.701441535512174 2.5798369824915994 11.733640474586934
382 12987.110216617584 65142494.54162167 -9.886694284826715 -67.91304044579455 -58.97039897341675 14.622161483732192 -67.20933786267778 -16.282970422558776 -30.64016252355117 -9.1443532689417 -1.1038879080763309
383 13019.110521793365 67388190.98347105 -41.316334706654104 -66.89850705830841 -45.34180730307204 28.15499134292107 -37.624184094578304 -4.343666814710559 4.32822169169674 -2.8389032151778224 4.65335151139368
384 13053.89039182663 65277805.08647242 -16.008404031374422 -50.63821069090896 -52.4409955470856 -5.628919873491327 -75.2341589556554 7.902954468830558 -24.506766559914524 -6.594120725773848 2.28493363105747
385 13086.361268997192 70665735.81473099 -25.171211384153906 -18.97875197797152 -31.93060174741523 54.75422663874189 -40.118854993835726 36.840018693117145 19.684026577956388 39.631857043066134 57.35042034128787
386 13119.594317674637 70781313.73502383 -7.289120653483895 -58.93023899547414 -40.76138635201243 0.9262511702356733 -81.07711245224496 21.302537883673835 10.622834679740834 30.545748741727834 46.70208350645635
387 13154.778849363327 67515740.61608985 -53.22803906324434 -84.97518879109604 -43.191400979573196 73.17526001156753 -7.348825994296906 -21.828467916536397 -5.037382056342153 -2.8128539768965197 7.672746248389672
388 13190.045229673386 68939395.82558207 -21.380903526622653 -75.73896827045687 -44.957414866693775 -9.763188449349258 -85.51187491371361 9.03824700656412 7.180179043525811 7.579806993383613 19.65204626910895
389 13225.12835597992 69419498.99943236 -2.465064872314022 -23.191862973252302 -74.5686037974208 -23.76146797365562 -89.6380358542979 -11.237258167524942 -42.13932471146751 10.622873465461396 23.692535347633566
390 13261.013765335083 66011384.4947261 -1.0713415680759857 -51.824572138713116 -59.67281740919477 21.959738313678436 -63.495073666666265 3.1989937747687236 -30.06529582702109 -5.3274787148000655 2.6480730621247517
391 13293.691630601883 65287426.67409376 -24.71276083184523 -82.46505449876192 -52.613436643039876 -2.3975353184381234 -76.08251437283431 -17.648059072418675 -16.547675181408863 -8.749626386513 0.6499124347579937
392 13327.889206409454 64658401.37385586 -16.63838186951268 -61.55230544171395 -58.12741672423059 -46.75373307710878 -115.24080493211346 2.004959540195671 -29.32550811274041 -12.508415074990808 -3.258927697881404
393 13360.672409534454 67811757.48406222 -8.477667074622435 -6.726263630741473 -68.39920633111728 -14.071224503365741 -90.8331013631419 10.30042284047164 -60.63864484009099 38.40958195924168 53.76961797459808
394 13398.915085315704 66280837.46233898 -1.725859407427225 -75.89160591081972 -62.20839096565003 24.03978982313932 -70.67467450988562 -21.88692871637278 -28.389561744684613 -9.022172811442601 0.10719714234994626
395 13433.8118994236 64560869.34843849 -8.996775125169464 -35.29068452676259 -63.1340818813115 -23.818314131665275 -96.05624109265275 -7.855347779488454 -50.994788729722984 6.4938838419745935 17.802372433668666
396 13466.728155851364 65785322.92927789 -6.9924544813290765 -64.83806222525261 -38.30159949802722 84.74413772070226 -26.142229657770073 13.130019097965487 -18.072188091280225 -2.6417050788912206 6.437738340783028
397 13501.316327571869 68447320.80346021 -13.558129966487922 -48.32561039391087 -56.84991608773109 -6.177002437373545 -73.36376644782781 5.097019230839521 -15.31905394394704 -5.553730625433559 4.0398499610817
398 13534.76649260521 64610544.42207925 -2.1681167300232778 -66.40054810033274 -59.38857725425369 -8.990297502409398 -89.32213569178307 -5.385467464479177 -31.911288816328693 -6.274026889187098 3.7981566550171806
399 13569.972061157227 66608780.629772544 -14.073454501875354 -77.02573409595803 -47.997870828880735 8.231910211243864 -73.8969007187446 8.357397934892674 1.7786679376600318 4.175276480726325 16.359961569357893
400 13603.208516597748 64931158.984014474 -16.00365553279552 -77.24038678170766 -52.150180046100864 13.679929842873044 -60.76849330384193 -7.813015630606003 -22.691691092137432 -5.223590317680475 2.8669084623592767
401 13640.423089504242 65598187.11053894 -9.606746514534287 -21.310415035178202 -54.32268202783483 6.144451658874239 -86.19286144621677 14.717797581123364 -44.343460967483566 14.797354340610468 27.49829769881626
402 13674.513478755951 67879706.94322814 -20.21996006719963 -66.39489940032148 -51.18355884237174 20.016949889311412 -53.28111275980699 -14.30104775726545 -10.321853464712945 7.193429091206099 16.95922052935282
403 13706.667551994324 66989026.42464303 -53.45160471027461 -72.25992958263885 -35.16459160322822 51.29970401820204 -36.27952256922387 -9.810609969383222 3.6986679408261693 19.054805332022966 32.90010876036547
404 13740.95344209671 77497731.73760451 -33.44479917443551 -26.42563561814012 -34.08704304994981 18.369764855480298 -62.98608522065192 8.368298355116679 7.5081762554726765 59.28743238367929 75.73706566161025
405 13778.047237634659 64290212.91864119 -5.565872408952699 -21.410140910918997 -65.59317862470209 -18.94695556291269 -104.81974102871595 18.244063426761954 -49.478551580913006 5.359386182369406 17.22091287323292
406 13812.200804710388 66217079.58130724 -9.791223486693994 -49.036307256001784 -64.32993251525733 -0.6435542990846486 -70.05899547250841 -2.9135012623713124 -38.31515563079461 -6.586549466669737 3.761200148030298
407 13847.530025720596 66456978.74215452 -3.8083830642911822 -79.53452501882047 -52.81627355920112 8.954820551094706 -88.96122516202918 -3.445601879107926 -13.607967039217783 2.4181321233925246 11.641833338656397
408 13880.68780374527 65057844.94339744 -1.7081045275500486 -63.28859801470384 -57.71935417005652 -2.4644841524733394 -65.24789363326198 -12.302405691503338 -31.190758445054655 -6.532897607964173 3.0989085727522934
409 13913.897325754166 66195966.83492902 -0.759787471616634 -50.846925579907506 -55.65500004354586 -6.422033230172481 -71.76729478638502 0.762396578479752 -17.677817359589596 -6.006853631712772 3.805624416859928
410 13947.299794912338 66429554.053589694 -3.7148736243464624 -55.929682924664625 -62.60708384094331 12.793212972544026 -74.14439347616553 -6.639044017340723 -35.19409708781848 -4.679882669206506 6.007133013672501
411 13980.48668384552 65200264.899258554 -13.51010250625121 -65.01600814896456 -55.02083270609261 -38.66831660086989 -112.783769019285 1.0558018411044259 -23.28625403110368 -7.916169575071137 1.8403525378639642
412 14015.43780207634 66516734.046991795 -16.95395508404865 -71.11869473514821 -49.885596001316166 18.41820638379596 -70.8466261442584 -1.8904231796624913 -15.701971422830582 1.2681583338220435 9.833159073410002
413 14047.702671527863 63875754.321055554 -1.1565852135537158 -31.169545094718565 -69.44769545266746 -34.42640515559726 -111.75408548518881 -5.096093627507344 -61.60553329813649 -11.804033479413192 -4.530826003753418
414 14082.358519554138 65535742.186432 -19.613369465025144 -77.28683782535224 -49.784504882295415 -31.30301844949203 -98.03877082656538 -4.738475617692529 -3.0152287407204312 -9.123099778648395 0.5426743578191804
415 14114.805332183838 66685162.31479643 -6.015407850235055 -41.43683180313217 -63.732478083911374 -18.37781660110067 -79.9166224218328 -3.029077129881273 -24.676696084226364 -5.357619891577315 4.952965015072834
416 14150.442672252655 67107293.57206959 -7.843732416368323 -78.44230556653564 -30.970187278865467 56.32058316243209 -33.859753248392245 3.6382649938907434 -2.380497189886057 8.011509789170816 18.822608391751714
417 14185.169041395187 68879769.94905424 -15.648887926904026 -72.10495225137414 -58.42768104532768 -41.058725345579504 -99.2311184350752 -13.854342134067338 -12.21263323508407 -5.84405696999022 4.68211451191371
418 14219.29462146759 65613956.857423194 -1.8203543373056252 -72.19126229026126 -58.5417572014642 1.5925739993123003 -70.47109042722047 -8.664157418481068 -21.336242642724415 -4.354170296242728 6.455633026218152
419 14253.489909410477 69152770.92414139 -20.55197658814022 -65.55444707192247 -49.96034876407693 8.280744353216157 -66.36979974323575 -4.533178282502092 -2.0477199602005953 -0.8672245456489804 7.903254406983024
420 14285.019367218018 66003696.160672165 -9.1243468081748 -61.65133060578185 -56.300640399449435 -13.005724109963275 -74.34863643594727 0.16088715939798703 -19.542865376247732 -0.144709219912329 9.884218190522688
421 14317.392355203629 72440171.27960362 -44.88015974766399 -14.36437606813834 -36.023995503500004 49.904346970621376 -21.79902819648502 23.98348592905677 10.190557444151409 67.7442556474648 87.07812408969767
422 14353.161803722382 66845127.607698575 -13.699135919638692 -79.04071323221099 -47.420604284881456 20.517280623829134 -61.20232772428975 -15.95478598683684 -9.918099094182821 -6.789912630628351 3.484721155985426
423 14388.003571271896 66215976.758125894 -18.266439379075383 -83.70607870171047 -41.370897664776216 18.223011599755658 -50.77717377669731 -7.904282860360468 2.1265508431432636 -2.4927772281852754 7.308333662964799
424 14420.531486272812 66878025.31480846 -35.62727455858162 -68.03651885242576 -54.184813558572856 -25.693489691264148 -98.46692107340883 -9.606198775981454 -15.609818587377106 -4.819487205978135 5.555637017864569
425 14452.3275308609 68277322.9112824 -43.18451214279959 -69.96361628777379 -45.3009802849012 19.426688555743773 -50.13625613683497 -17.776575568798023 2.0301958896741326 -3.3951040724354016 7.2682922700095105
426 14484.24010181427 66935142.361906506 -1.1764822821927243 -50.34135395487788 -72.1769371466504 -13.049205573518854 -81.56198723115924 -17.57257726603234 -45.24819602071261 -4.432251631444615 5.596147673325788
427 14521.172082662582 66715689.97311243 -25.962023243397297 -79.80846355093206 -39.09511844528574 13.057395727088327 -70.00778778441429 -0.6087940994311225 -2.9249007498219726 3.385218108032916 14.900215903831736
428 14555.126177549362 64955451.379559495 -7.572124644883691 -67.94025480454481 -50.681373244672834 7.962461092571374 -71.11870167150737 -5.851014806430783 -17.307792602149846 -5.46184999315318 4.08692069398586
429 14592.195819854736 72547217.5232791 -10.484438140805636 -72.41125687751766 -38.30569962936411 8.60723394422704 -57.38982588897508 11.428415020034663 28.388278356617775 44.92552393258836 62.726859643845614
430 14624.85451388359 64761954.30083191 -4.93477888169655 -47.086742381763464 -58.05817053007082 -8.351361891098009 -91.32236141405849 8.227060392192868 -36.93775533773294 -9.127063241800784 0.5980796799522636
431 14657.980474472046 69896469.4808714 -16.757797884686887 -51.78057878097985 -64.65040954584381 10.62634072230464 -71.40427531334322 -13.224643435000075 -35.17111406416723 -3.1299308857566643 6.042072449714681
432 14693.583270072937 66242618.38217035 -22.88022005079928 -68.94295696309828 -41.972213474232625 19.288077984101434 -62.10689970318891 5.471528714634644 -8.621982540002364 0.481162881755381 11.425313589758161
433 14729.230984449387 76506983.31660263 -10.132684458120167 -27.628324367894702 -34.855894495494304 60.9771567101384 -35.54456213595594 11.029471679864628 2.3972773200625284 56.153950556229915 73.82902361568199
434 14761.68243098259 67724173.72589196 -4.220367178204767 -18.309580885030236 -58.71910339844755 14.843997720177576 -73.39595747934428 7.500801279536461 -44.00910635277228 33.22787068467778 48.831651437615506
435 14794.22569489479 66124974.264265954 -25.901468400196457 -82.04451179068214 -49.644742987256635 31.81858209149637 -56.410807093874325 -2.8139440975664343 -8.560271106720052 -2.1262952779287616 8.848342505208109
436 14826.735609292984 69080265.66863339 -28.52476442805297 -54.83149402000603 -49.73059848103347 38.55554973245739 -41.403975459867645 -11.95745953458919 -18.12065953546204 7.84338561792282 18.007427358489167
437 14860.613394975662 70067808.79428408 -10.460349837593073 -34.8788473197386 -43.94150463983816 25.777118774418582 -35.81663450772379 8.977158471832979 3.4021764241336996 7.149511343396625 19.611651274136307
438 14891.575058221817 74714082.18136527 -18.2165631316676 -36.326900811832225 -44.012795374643 37.64844958118359 -39.35484133631187 1.7788701111783212 -14.67999860670875 23.645192631972805 33.953170822432526
439 14924.744168758392 77996157.7511061 -31.947888577946976 -24.366038057323163 -41.95786624542095 40.40962733220578 -36.633693300185364 8.424012006549333 18.10864498175431 63.064782377648385 79.71338629288005
440 14956.916901826859 66653193.156797096 -1.9365794428910714 -43.39074857497795 -62.280645682636205 0.9948947420189427 -88.82520041657072 7.600118294817776 -37.90026990147942 -4.153234883203822 6.461380319009322
441 14992.411012172699 66651206.68440791 -11.540784629889902 -57.53698356655619 -43.795325604560404 10.193945302381778 -90.75811290048331 6.071002759091584 -26.79417925719656 -0.635351045184791 10.476830548651492
442 15027.440475940704 65507970.581984684 -30.437583424355832 -65.3511540001412 -56.239810287161795 -2.4258008881523736 -87.66150868319214 -2.80661569528894 -22.08448343191992 -9.821203408890142 0.11530912063392407
443 15063.497456789017 65147955.813912034 -8.435915446850306 -61.45291627841752 -52.48488209180559 -5.366096857072975 -75.3939927259215 0.6038290926437071 -20.855504363568286 -7.611215332164079 0.03200354132383154
444 15098.915449857712 68796189.04747285 -12.251270799777103 -63.21028068881273 -53.692149963561214 11.871086361042735 -60.55314028527585 -4.1648922893966756 -13.569176489042775 -2.6474306523031714 6.6092342947677025
445 15131.615125894547 65233545.522598684 -2.5479878851926507 -53.69808060201938 -55.4215061576273 12.145654279371477 -56.61227481090767 2.8893143316126384 -27.305553260947022 -8.393034822523873 -1.7732282429740849
446 15165.423522949219 69378926.29744488 -11.833620437901569 -72.58309115354604 -60.49548030604161 -29.377479091586643 -95.21592971984072 -5.072927997169472 -1.054571152462131 -2.863959306810159 8.06984392297744
447 15200.158081054688 65493869.91080742 -12.157145515023553 -83.95418413532973 -61.200834125158664 -7.310653046680734 -78.0490427349159 -18.884391216273627 -21.326490478914764 -7.77475077168441 2.363464778180912
448 15232.10614490509 67956086.92843091 -6.182045940801332 -53.81609878286945 -63.60023606635224 -32.626143187810236 -102.00792959069368 -10.29888165691085 -30.43967243535451 -0.34946201161147883 10.766753253528634
449 15265.39539027214 64817313.912084825 -22.838440336604982 -66.96976662785491 -55.57226543818148 4.598706055121546 -69.42495425473336 -3.736122966458481 -28.28298601962348 -11.79662621873058 -2.9789482316677436
450 15300.1696434021 65857671.61990917 -14.133498884439453 -84.93056021897314 -44.65334641991752 16.988027616112916 -60.226517988372635 -7.583015821402512 -5.430184485904704 -7.221404668903517 0.39485483922914
451 15334.240866422653 65036304.03417441 -8.210450147239552 -51.62776998923935 -51.02873427714291 -4.640986833886288 -86.48345093680082 16.81843891029473 -20.971410526614818 -9.327373230016406 -0.9773435690059387
452 15367.849000692368 65294222.01502583 -8.54609380114727 -58.580060556037765 -58.17436939216828 21.96131320419436 -52.401451115421644 -2.954305814913198 -26.659577263652977 -7.538322361376345 0.9472354337452771
453 15402.969175577164 69105802.19270861 -5.801972621187626 -65.30872452839726 -49.64490261295126 26.27587194979747 -56.85243224516523 17.561058411090357 -1.1973528798294524 11.044894522440643 22.82087805261085
454 15436.650141477585 66601295.85298388 -3.6461856403141573 -62.66658921152523 -50.00587580892743 25.82773890402941 -56.54154100582669 -9.085621785970204 -24.163354053380147 -3.561205323754052 4.193966370219016
