1 39.465054512023926 51689475.37345986 -1.6840193971017055 -2.55628684525318 -11.337399052260935 -18.613542006706837 -0.6796179149514838 -3.714313982584599 -2.994371787316993 -126.48444808948454 -289.96516764466264
2 105.69509983062744 140030668.5147639 -313.42511283525175 -367.44402514475945 2183.4894917113684 559.7508526435703 754.4477388880946 583.2706157154496 1587.1840800547948 342.9274000271989 1.6574602683764965
3 146.055095911026 93842332.91400616 -265.57943293582014 -320.2155464495098 3521.406256407141 413.8783871375682 514.810445773836 105.04249596571913 536.5930188959856 -7.671793896069175 112.33514412704255
4 208.0806701183319 116026795.3559488 -233.07681913326016 -331.498633718719 2119.3933165308435 507.0746174324592 728.7592970816273 410.3342885810556 1205.1724453640945 200.23088367306025 -133.6182633900246
5 273.0959553718567 166216118.27382767 -240.64311733197354 -365.58032835812253 3945.908332910495 564.4651993128944 676.4516621888619 682.4092197830548 1725.9538206286961 445.2576118650544 305.7877912822129
6 321.08342361450195 140462442.17948318 -287.07175988735406 -375.7844583825585 14609.675692044686 639.0078900652088 757.0196401065033 524.6949926933719 1441.3721594806564 309.29284851874945 117.89416950905161
7 372.72538685798645 93721504.60596657 -152.354751190072 -160.49983667305025 568.0392640488417 250.89286812270362 560.6721155898016 294.81008300568317 927.0746528239033 99.37501283673134 -283.57507594366314
8 422.3809983730316 82996940.74029942 -201.4302110237597 -293.4229508971211 542.4230758914313 408.01447952122345 563.9400061052864 113.06674702240684 540.5621062790706 -23.661404036898887 -128.92118854451036
9 464.74194860458374 106176656.00814705 -100.26023131551389 -15.433652187069264 1452.0748180599992 353.6730643902689 608.7166608275649 285.3249819015101 890.1557600080725 114.72648429547223 -35.11960905502605
10 497.0292818546295 79513615.52183767 -85.08360280674643 -88.62669414980246 378.3181953255058 259.2062426493662 399.5557201373354 171.24634031771575 400.80771410976854 20.71691840272399 -121.57816711808283
11 543.3858144283295 92198108.47720762 -115.64240934264765 -101.20269586924009 539.8315076735329 253.92485995032803 537.8894343122432 260.18949745651366 831.5194335101594 75.74436180500675 -256.881290583051
12 573.2968013286591 84990267.4637121 -221.3888979699202 -226.14773231811873 524.068444160626 344.73355438425824 475.3244225167743 157.95781177585536 541.4727889200094 14.320845230142027 -81.56022651444704
13 627.2967429161072 135192288.6930844 -222.50880629251253 -359.58362615325734 7437.630375244562 559.9778775405291 637.611063230541 462.4296694974083 1286.7168060040842 263.6139513531025 131.1152674178643
14 674.2944066524506 93203788.80966595 -91.57163163853131 -172.08973436974324 559.5727817053041 245.49024632728455 385.8264041202434 243.60181776415618 677.0321830969542 75.22145650854975 -122.57133483389174
15 739.8419277667999 120637999.28523196 -158.15542189085232 -232.4345002838562 961.7976667886963 338.6783558658554 523.7519422924249 551.6020604796081 1417.1597139992773 295.8541509795796 -290.9391500794678
16 773.779382944107 51812749.56614827 -11.063559284772696 -17.906427186588658 -4.5694979162358536 18.719743131530407 53.85755702671584 -9.08826806574632 -0.7055782176717003 -130.20287486139313 -285.59703674646533
17 808.3705942630768 51547704.0408763 -9.530977783384863 -52.810333242298256 -13.290115113889549 34.258491425863994 84.24292672184336 -38.43659985581178 5.527996296151912 -153.04476766620513 -294.1443578284747
18 840.8381702899933 51726660.98397381 -22.613691413206546 -21.537925912897105 -3.040234582933543 20.337704105475964 60.95272955227455 -10.579992506254996 12.144909287672817 -131.69123490482235 -291.2556925386601
19 873.4014897346497 51655494.897693925 -2.4323945172193273 -2.841260715584994 -11.337682260074288 -18.568204807703893 -0.24616554089586273 -3.987538195443733 -2.3125881157632193 -126.76596488684959 -290.65444365729695
20 906.1088697910309 51648986.59197685 -1.5619399307784239 -2.2938986665461556 -11.819466576213912 -18.80677442077311 -0.6092215576723277 -3.8875872549780865 -2.940193777380671 -126.63605091185514 -290.64354833387154
21 938.6823120117188 51541742.102437064 -1.1227900844288516 -3.524136498602466 -14.008596623288334 -19.90836607188892 -1.901253046988991 -6.0745801009449 -5.004089661417993 -128.3552306255752 -290.66729271330746
22 972.2719643115997 51430930.870957434 -3.4598208786346962 -6.594507879182794 -14.643882128584707 -2.6506141763155426 25.06481046594422 -8.659690597393194 -4.992009503270708 -130.3477402958361 -291.22196352346543
23 1008.1590623855591 51422224.98230193 -16.651434700363634 -50.51110255828516 -9.316159476370373 47.11079590067256 101.666682754775 -34.01976775433951 0.39241915672727146 -149.2296754791916 -289.4152435796036
24 1043.4081246852875 51689776.3481354 -6.335499192783935 -25.83344219395436 -9.728380338504664 34.83407544253508 81.57635159060516 -17.728725004071293 0.5675059926537074 -137.05867835191754 -290.35114731069484
25 1078.9245080947876 51626962.30216568 -11.563737390364127 -14.143800180299667 -8.087228444014087 0.04228244885892707 27.949090164613906 -8.904501491506778 1.3029955214194047 -130.3776863918103 -289.7082598884243
26 1112.2305054664612 51518399.279754795 -8.353582781034804 -9.831703163306079 -11.889673324099881 16.691041847384042 55.21644655693232 -8.961323554798128 0.08800046915325765 -130.5806100330406 -291.63951368334347
27 1145.07998919487 51322374.931869864 -47.89801435659972 -54.91371626720751 0.3515648936835092 79.51259256168335 157.04325166389887 -31.00639677787086 21.045720613854996 -147.3136046685675 -292.35054986708315
28 1179.6720099449158 50721571.46245715 -3.686412367553533 -29.688359771786942 -26.36721305776846 -5.775501307793618 24.38942952767416 -34.54182391895682 -11.21942303354598 -150.22223610079402 -296.45354955850684
29 1213.3479657173157 51378428.01049434 -5.236476162836846 -1.5841988616140208 -15.293222260575675 -19.870143000757295 0.7890051185152274 -6.8658620493135345 -1.0088716811102927 -129.25125742300884 -294.3841038314892
30 1248.117243528366 50830920.26909844 -9.092263666140212 -31.763987042855796 -24.82330794854422 12.465687713745325 54.5618819937944 -34.73753901845794 -4.389353480073055 -150.48248668343246 -297.07570793716707
31 1286.4832873344421 55755090.1532674 -51.220586149926106 -79.97623610036351 60.07094359791386 159.1961957600983 280.80912543181324 -2.749203061663195 104.24543348953114 -125.63498962949399 -288.5996865714674
32 1321.3820550441742 50779842.95147081 -10.639635752555684 -36.63347226281647 -22.951753645043908 -4.690763830386203 26.093129877386033 -35.986329278244455 -6.061475435656973 -151.33175324324674 -296.3152639718584
33 1356.87953042984 50768068.25372255 -8.116393680681654 -31.65323063566089 -23.999744924710548 -4.527026456191862 26.573560292817234 -34.200896895444885 -7.216201953012671 -150.0608814792726 -296.78167790577044
34 1393.7702498435974 51016346.977627665 -0.403797057175872 -42.219666864880715 -24.65897439208331 12.419445065288116 52.56112972614207 -40.674847228102465 -7.235683775913515 -154.87646083083916 -296.1849434386324
35 1428.25159907341 51257346.653236896 -5.949453074843063 -2.2678442851032936 -17.146518272764027 14.389683806359272 54.37910526348218 -9.070352714742626 -1.6892444863419769 -130.96082065927294 -295.21032992247405
36 1463.755624294281 50687101.37233726 -8.55192791479659 -31.52597774285448 -25.294428651807763 -34.090625180961666 21.44199060460401 -35.575717460895305 -7.289789516155793 -151.16712595199556 -297.6406270113854
37 1497.9770402908325 50634436.58880051 -21.483933759544406 -29.35354372237898 -19.026153865499055 8.07450827946456 47.3597830509875 -29.77070522139678 -2.3242720013954568 -146.67743758518878 -296.8847499868649
38 1533.9097301959991 50693676.43981108 -3.725270495185196 -25.91415881415604 -28.522609847606645 -35.08070715492143 20.96392690847871 -34.141275725558216 -9.403865984285744 -150.0900202523033 -297.69061558352325
39 1569.6793992519379 50466611.46974655 -2.5712912610918295 -9.915307445893665 -30.79658948872558 -53.62331497723643 -7.987861010126947 -26.054037654244325 -15.30987624650112 -143.93244309927968 -297.54961659000094
40 1604.9424178600311 50464218.23378601 -3.6692425315656454 -11.507805163717332 -30.76508197382465 -53.68444204749116 -7.728935095095503 -26.326411923051467 -14.187683754670616 -144.22819822085853 -297.79458744675424
41 1639.3652775287628 50443111.260480136 -2.8108409561220373 -10.725444723967907 -30.943575036622875 -53.75709387793893 -8.112902904521649 -26.292709940940142 -15.342525428902661 -144.13710366689315 -297.7121877917791
42 1674.8413078784943 50449791.99998111 -1.272147527653928 -9.908163558034282 -31.72775881067718 -54.14029042893428 -8.822359713378123 -26.12581673906641 -16.490684627330097 -143.98595813095386 -297.37409675927285
43 1709.0244824886322 50499469.51935383 -8.324518367923378 -15.507425366210285 -27.732006663418545 -52.55014271525947 -6.648366881666645 -27.18344701460171 -11.733458586406982 -144.74381611776818 -297.24690881577
44 1744.3536472320557 50420579.076854356 -0.5406947641324109 -6.963054823037593 -33.43378693516232 -54.70933320375029 -8.22521197342912 -26.230474987331206 -15.730220128491624 -144.17390127358982 -298.48177525885956
45 1780.8425483703613 50711812.914587766 -2.043433534353966 -23.080496262257544 -28.961659751872382 -35.308429681930676 20.778621952649353 -32.650466189495376 -10.243011078720713 -148.9063436016894 -297.6413922326433
46 1816.5367550849915 50432970.850496195 -0.41594735704853925 -6.307864942108086 -33.106977050165945 -54.455464453118296 -7.796988775408698 -25.435987062302445 -15.557971591098067 -143.5856636179014 -298.3845283519323
47 1851.9515600204468 55019324.06864623 -88.48135570772651 -115.39619462802912 67.22810558399935 163.2271423896005 280.7723071038425 -25.411645284259293 92.82548793227727 -141.06605480580345 -272.6925504602435
48 1887.8381559848785 50675891.79447294 -9.140191988186766 -2.2629070202513453 -29.71357117524736 -6.262186339630503 72.71072611695135 -25.516008958191435 -2.4333617836130657 -143.64575097545134 -299.81952219527216
49 1927.6073710918427 51100112.80656199 -8.26289159247501 -41.22752638615076 -20.77894677448002 15.442394979473391 58.529181899038 -38.18713480842308 0.7638358945621349 -153.09871255914084 -297.4807900077474
50 1963.654552936554 51025121.68851114 -19.303398188947888 -17.21998126467153 -15.035415688364111 57.6710780760856 126.27915649889562 -21.376022811353323 4.378399458639706 -140.39948448373087 -297.42599096718027
51 1998.7560431957245 50483290.76978739 -6.3812498432900995 -4.085289980797647 -33.230893687791095 -19.565673093156832 49.94449467985232 -26.436323719256848 -7.776464891525734 -144.4156688415427 -299.7284421064592
52 2036.4286587238312 50865425.99040858 -1.2748707959443237 -27.153036651304838 -25.625339596883947 -5.545307019404575 24.45184333608205 -31.555520244267655 -10.693551361622838 -147.9247819400312 -295.64051729813843
53 2072.397667646408 50370234.92334796 -1.028367477635408 -0.7452121061585872 -35.45342949080648 -55.5885962371445 -6.988441953672806 -25.863899837141844 -14.168556047332288 -143.94073974217224 -299.5862383872222
54 2110.460369825363 50511591.70187611 -1.4576281287009518 -13.769613175650012 -30.78715799786871 -25.48296538262443 -5.058064970229477 -26.29717076921986 -16.556804322028825 -143.96400820503442 -296.09455233056315
55 2147.1276745796204 50369794.921395235 -0.3251607009592732 -0.20469910681236936 -35.40101604386385 -55.473625256638655 -7.113927427514199 -25.39751575492022 -14.594306879805515 -143.65507098797866 -299.6132805322769
56 2182.2240324020386 50393888.64445283 -1.040574251094533 -6.246126187554221 -35.37561826214543 -55.766163961014584 -7.84875561435746 -27.060765424577312 -14.322669614887218 -144.8014598734137 -299.0128411140956
57 2216.807441473007 50250137.91706295 -0.4570709460373834 -1.1992601162772094 -38.47639286124027 -57.47224736133725 -8.394533866403982 -28.78578552534924 -15.235481675662584 -146.21050995171356 -300.11002050052224
58 2252.95729637146 50422483.43128738 -5.629114782316293 -1.323783922423722 -32.40582490385495 -25.66052551420782 40.867818188256585 -27.20841969310493 -10.608608640523244 -144.93213909011797 -299.30681233580725
59 2290.1194458007812 50243935.07047334 -0.507254305733726 -0.3697199824608952 -38.82861255569726 -57.595823219774886 -8.198390601997758 -28.98015242878097 -14.977567001837201 -146.33997358116477 -300.34470898389054
60 2326.2962980270386 50358948.7024562 -0.5402609532076781 -9.437980864353063 -36.165932325272735 -56.39107921512576 -9.058683533253387 -28.502668107288628 -15.888243130235026 -145.7831541202416 -298.1714039828361
61 2363.9736981391907 51806526.89568125 -0.8712661453721147 -28.569363583667236 6.033578801502635 3.8568341854699923 26.430136463591978 -30.325633642440266 -8.319249950689368 -145.84177354664826 -283.6956140209844
62 2399.1282970905304 50595082.40159875 -0.4722810877950856 -14.445595360334739 -29.716706478973933 21.247419876200524 67.97728118208526 -26.27615050550105 -15.959135575370397 -143.90248457209066 -296.04370314235234
63 2434.7569692134857 50277089.796550006 -0.38950784059934485 -4.232054269271882 -38.30815420883905 -39.91146825536589 18.575713263706326 -28.968103816683026 -14.662640866553602 -146.33466307289223 -300.05753034500367
64 2471.0569961071014 50315819.41756026 -0.19542813964471328 -6.108553761433254 -37.26806616810171 -56.97101086623181 -9.103748070108264 -28.64233079848907 -15.846269464706836 -145.9368831989048 -299.0855199121296
65 2508.024658679962 50421499.857218 -0.09942070220392374 -11.467435349737944 -35.15402188410424 -27.388360066665854 -4.989917736005875 -28.066119905127323 -16.080829573523147 -145.40202770447968 -297.41416244945634
66 2544.81374669075 50276776.793772966 -0.5783460615705742 -3.1751476131201657 -38.770484842662285 -57.494463225602715 -8.125755670844297 -29.011354917785525 -14.779134224086988 -146.32428839251043 -299.67526147582515
67 2581.4623596668243 50286603.77037504 -2.6914831781747814 -0.04564584850936315 -38.276142639114084 -39.785404405230025 20.232459119578458 -29.06576713520633 -12.207806814350306 -146.4852406064157 -300.3792604715757
68 2618.348635196686 50459684.9553215 -1.431994913601546 -3.8305696796776676 -38.0444165383337 -21.567636351888623 49.60917954145031 -30.58931943707688 -8.932908316242958 -147.39327408904757 -300.2360906245827
69 2656.5065672397614 50926531.999558575 -6.1589332504908825 -40.98105408834485 -26.038782792774434 -16.55770575686695 51.17549773541061 -42.7284221184151 -1.6689781884499553 -156.60423729320632 -298.4407954152857
70 2700.784775018692 67918568.61201501 -21.59757666557566 -106.07310318922049 176.5917086900911 153.2141359366692 326.8161759795385 -0.5791883265243882 200.8154211505181 -109.99184928641199 -138.13313716581177
71 2735.539838552475 50624368.74314119 -0.452388298181468 -7.893377520197934 -34.39463157830242 -9.077127664792158 67.89961428852051 -27.02479240798101 -8.465249039747562 -144.7180207076513 -299.28635487953676
72 2771.8560881614685 51006241.56490173 -2.123243416221733 -29.51389773289121 -33.65407667862064 -1.8762062029421998 82.30035903733761 -44.9211891679177 4.507063190793133 -158.16763071251927 -300.11223748795163
73 2810.573758840561 71662998.60319199 -226.63292159744472 -274.1392965080203 370.3141938611197 349.18231122352 503.3322706009466 62.89432764058313 447.32129691216903 -70.65851630134864 -232.12945731987054
74 2853.6373097896576 89635230.51433131 -47.7964122296916 -96.4870951675625 464.8533411503014 201.27540168020298 325.57228909464766 153.52611908967003 388.46324548913594 25.30217006908174 65.21785442313615
75 2890.1524772644043 50372745.547607034 -0.6108728359479461 -7.198601606465486 -35.97364266649421 -38.92957577406412 18.2601565275689 -28.38339536991373 -14.64881063309349 -145.805478658975 -299.0788131889521
76 2927.6153337955475 50863590.801901676 -0.9024558082435234 -24.075230651564397 -28.346696337146547 -5.828639392293468 26.47970735467711 -31.2045386709799 -8.980336284226723 -147.64528457826827 -296.40000691805733
77 2962.307827949524 50376706.39342385 -1.6972355074373144 -3.4333179371656355 -36.906595519001 -38.637855526615894 20.683236349534262 -28.21618142764754 -12.549646646576491 -145.61126089291497 -299.69886495503846
78 2999.0253121852875 50276373.32846171 -0.22948094724645607 -3.9452406132180036 -39.14378184354133 -57.75520968156661 -8.315979973320296 -29.154337059951786 -14.562507675888469 -146.40366200324405 -299.88017196710325
79 3034.231542825699 50315191.2325854 -0.08556191285644843 -4.978946234687014 -39.8884725384147 -57.99320912527401 -8.012754514200402 -29.849663775536044 -13.889182652307397 -146.86003826857416 -299.3867283097446
80 3069.4500408172607 50284370.80853182 -7.529876375917098 -11.727425871279564 -36.00060994546971 -21.55144813287656 47.696075570126695 -32.261820272625584 -9.611997193405386 -148.71657932685844 -300.10840558575944
81 3106.0780816078186 50927229.09275664 -6.558225933005669 -3.2267117002300383 -39.48490402318369 -22.47502212400289 58.66025836922902 -41.888496073682404 8.915623672717345 -155.72122293819854 -298.0147241936512
82 3142.056984424591 50628533.22756993 -12.517481352126309 -26.00177676437032 -32.20574780268501 -1.9038042782130304 80.65627745463641 -40.00298473446816 2.2071138590553687 -154.5455751450707 -300.1636781317361
83 3178.7996773719788 50980052.3917984 -4.579595877701916 -1.4819625776492789 -40.39650916158059 -23.10132868263129 58.51970131758149 -41.405860330494704 9.668785243734533 -155.38725638136498 -297.8196570901995
84 3216.152512073517 50546781.10147907 -1.8534533756859357 -11.4897305304532 -34.45564118827551 -26.697462778038528 -2.332008779463571 -27.624113593432696 -12.193170543814517 -144.939794500601 -296.7903305541031
85 3253.8660073280334 51293133.42194689 -1.3237742530603356 -26.26172092222511 -12.065234136792526 -1.0725677644243632 27.75271505867736 -35.99506906210593 -6.615230634672685 -150.79486663180296 -292.44547188882115
86 3291.1079437732697 51014125.386350825 -0.8545260342690355 -10.201385800746703 -15.944888227683393 -3.4410366449532717 24.83981992650545 -30.545821450717085 -12.575987043132159 -146.622716856954 -291.97178349598926
87 3327.198740720749 50226395.7634027 -0.481518890675261 -0.15011070658175685 -38.36781444672544 -57.89939870025046 -9.17226887806721 -29.761070032922817 -15.729260221259551 -146.90028461649206 -300.10381362098065
88 3364.6043536663055 52514030.133578494 -8.509714717852361 -48.49604302718749 4.473697805626237 53.12336091167176 114.10510075566884 -38.41632961227873 22.629095059943438 -152.63305772426975 -293.0520779062026
89 3400.2601652145386 50296799.13970898 -0.49029724726819524 -4.894510322799089 -38.80641326213592 -57.36529842173864 -7.835797094364935 -29.120208002518837 -14.146148780045735 -146.45269177113937 -299.8646930711823
90 3436.0757110118866 50277042.321432635 -0.07769395771994603 -0.4408499103266017 -41.25352097001185 -58.67482553329383 -7.559966575812618 -30.026049736175423 -13.283984630922987 -147.1246969530804 -299.9620403227607
91 3472.349046230316 51171398.28135342 -0.28081328371041536 -11.185275794482266 -11.546804775923789 -2.1552603019252814 24.255092151235573 -28.430700077783683 -13.152884537144928 -144.85377127358873 -289.51633686421997
92 3508.759252548218 50218929.66287844 -0.12083312012463487 -2.1521334304855944 -40.13958416227753 -58.20599538696132 -8.07198457281792 -29.531093891417243 -14.287960577641911 -146.82326403553753 -300.8291251042356
93 3544.3873896598816 50474944.245420024 -9.602517727296537 -0.8729774719604193 -37.350701540871356 -10.321792396679584 72.20585269516032 -30.905486181508763 -1.5153623623773456 -147.75198750862853 -300.07232082472353
94 3581.900533437729 50588875.52073445 -8.328897749981724 -22.74736930575316 -33.8824199721511 -20.05247818202652 51.79442556528404 -38.558581097568265 -1.7177830640017078 -153.49239674588807 -300.2263364795609
95 3618.680629014969 50336772.03569692 -6.200085892548554 -9.863131479038652 -36.1588169341807 -21.39492633767952 47.719558790206264 -30.85328201600032 -9.76470077807187 -147.6905710232234 -299.93851609857336
96 3653.5505537986755 51555859.95124987 -1.144706927541593 -19.524226588599028 1.7744736035039992 2.1887394087482193 23.05426878138782 -23.301775199947315 -13.9750057235251 -140.52242864358055 -283.8358665172482
97 3695.628168106079 92870830.45813751 -95.54855270020006 -190.49766802686233 9945.224389237223 404.20952758895896 314.7027590394264 77.36268721795795 259.53426213929686 -14.799948217711972 265.5455238548442
98 3741.580280303955 92656233.52372508 -66.79046642188692 -108.74019644342583 972.4626867553261 238.97840859940771 323.1486490707811 309.61352572529427 698.3652753528436 120.08955789797142 -176.38870029631596
99 3778.7271585464478 50599725.911134124 -3.460505137033575 -19.55534087439055 -33.84060009220097 -55.196014361075996 -5.32662251369176 -34.73955877068602 -7.56717743959166 -150.59421824387903 -299.04567709228945
100 3814.877461671829 50596176.358120695 -2.805164831341111 -18.249031977026604 -34.36518572360968 -55.38655652423881 -5.2190431269534034 -34.552168643520304 -7.640027289679836 -150.42124171889668 -299.2390551193028
101 3852.283782482147 50566649.120565295 -3.1738370016106376 -18.289740530950564 -34.2705965012768 -55.35688147622804 -5.020969297671323 -34.76986121652254 -7.5156574531875435 -150.6167139102438 -299.56709595013035
102 3889.7085921764374 50686969.128733404 -19.877956842976314 -36.97970144593752 -25.814524168529935 -16.960376761076446 53.83283098686849 -39.73246019980752 4.0202231618630435 -154.2822238073892 -298.4825547812383
103 3929.9506249427795 53191832.33939113 -1.1210972643671617 -25.679266035460593 10.547607186125433 4.882203852899764 64.2733529298248 -46.20209311287357 20.528903079954603 -157.13438002723774 -278.2795720253953
104 3967.6731956005096 56191525.81412242 -9.066099962138052 -63.14274386349074 44.583767250952015 -8.33291502304327 -1.6911177449384898 -18.03229262851903 12.492637131637935 -130.7343949021232 -219.33791746483888
105 4006.364133834839 64549419.988040015 -61.55274434227774 -97.7143416283665 184.6367242985406 195.9744215741144 262.7713651732087 39.64500580144454 149.21004071197046 -83.08271452101792 -173.68058945355915
106 4043.099654197693 51161846.90912623 -59.70207063303579 -59.91974082893809 -2.1077657563450316 96.71333688488755 234.35251972603302 -41.98007896662932 37.4493513256956 -156.06374834275965 -300.0308599491947
107 4083.3192641735077 51622984.40567315 -0.9037931239357597 -26.207084722136948 -18.5865757390902 15.019576901427627 60.974021839756894 -42.82647416329405 5.602425698046829 -156.10594274077994 -294.7021981376573
108 4119.540287733078 50624929.52338951 -3.3517317321917375 -12.21904173754897 -38.21372063003034 -39.28849157610479 25.67541577223418 -38.15780598927864 -1.8461550570391978 -153.12143784709912 -300.28356498635594
109 4161.712332010269 53734893.99582008 -4.905631581701609 -98.99490027318065 14.861589089574764 75.25902594990386 144.69356827837942 -51.83664544253776 36.30331277273592 -162.22400094310944 -287.5311677150296
110 4203.072426319122 53599203.89166208 -2.341287333559123 -59.08786281687516 6.234673758318571 3.748191687899933 31.211192906756086 -30.139595606913304 10.598971746143206 -143.87292902872082 -265.0112952142977
111 4243.161435842514 53466467.917256266 -2.6956412704202606 -18.115229238255225 11.729415894336093 6.139873080253054 67.5566268967627 -44.77199982322816 26.27564776652366 -155.88062481440676 -276.18689444124317
112 4285.8273096084595 53535130.983102486 -2.1647386574854934 -36.49573004371272 11.946808345649288 24.673791069222403 96.33041064813219 -52.53074107223517 29.607121117466022 -161.97632051005866 -278.9790636581069
113 4322.69073343277 50643652.52658251 -15.309979055158912 -34.415154885005514 -27.212920425302542 -17.670756477702582 51.00419647715204 -38.353123342233914 -0.9294461878808988 -153.2447740616422 -298.41688827883667
114 4359.684292554855 50627247.65082634 -9.8406081663193 -22.863691239589166 -31.67326739093167 -36.63879216204961 24.984763341470934 -36.1238127199108 -1.4721755886502592 -151.5676646860823 -299.766603788452
115 4399.023833036423 50555237.9603321 -0.7267757631201217 -15.781646867246815 -36.671590587090385 -38.97001119202186 21.941417277071153 -35.260569209801986 -7.351538023206103 -151.0731440413669 -300.24852687990057
116 4439.870354175568 50902274.88939262 -0.030298310145045804 -8.403767205824291 -35.724758637246374 -37.73989588332843 27.922500101201113 -33.061562411764385 1.3354264909928588 -149.22865238674314 -300.161918731215
117 4482.915514945984 54446397.08621313 -5.143445466542865 -29.528302622367 20.463993543021076 57.310277852424186 150.21762864179453 -43.841633428154125 48.87901195416248 -155.27964072146074 -277.7594235129796
118 4524.6089696884155 56216526.31912412 -0.5615830896554446 -64.16630418845146 40.729205932625916 10.131897365245486 29.49038608474933 -19.958173069055192 15.506689010751757 -132.60063051327518 -225.06050764224386
119 4566.488733053207 53230135.8539678 -0.7640763862377575 -26.142969631473072 13.462493092259592 23.669639277809146 67.75947241817761 -43.94192630769891 21.10719115826157 -155.46178132663925 -278.84311406541246
120 4602.667141199112 51055297.51353055 -6.550595056741562 -12.635043200548242 -12.118977080610712 -2.3716374440307675 26.3656657681124 -31.656740431152173 -8.97272549243479 -147.3369250628711 -291.07637282117787
121 4641.333750009537 53412149.02111758 -4.757679136908646 -79.14078468895869 9.629663573434641 83.4397512702156 163.69597081904124 -44.81914815290031 37.41514248999624 -157.51475557717077 -293.7659208308645
122 4676.287106752396 50324400.19497255 -6.00500709058729 -7.31845683125 -36.82363862416435 -39.14677636996878 21.36601738413111 -30.554075470182852 -9.602593928962733 -147.4349141057126 -299.9069800673734
123 4714.956762552261 50792262.15191965 -8.093547903830286 -20.072728990469756 -32.73977694013056 -36.57293283635636 28.01344726839172 -36.746115299804615 2.720132439114707 -152.01192506736527 -299.7471672601472
124 4752.918350458145 51176306.388418235 -0.7663907727378518 -10.394349421765861 -10.924629833111382 -19.411377422269908 -2.6041924758476362 -26.565290370253365 -12.73714765592598 -143.5573110837641 -289.94339184411155
125 4789.127610206604 51290576.311083674 -1.2921083631370678 -12.106169648051912 -7.98480192780891 -0.8501610407220994 25.270739092511963 -27.230078533460414 -11.307752474353379 -143.84719011538 -288.9889721313115
126 4828.681218147278 53067810.42783987 -2.1363733521061157 -25.762852526806384 9.121221785449755 21.930322599954785 90.72427857225865 -46.22144709662183 19.449713968248943 -157.24463877719762 -279.0965619935871
127 4865.764560461044 50573132.06759102 -5.361971513198387 -24.33094038888826 -32.29528927169396 -54.606132503560374 -5.413289247727565 -35.65313609539663 -7.97225337406087 -151.14746556951116 -298.3290422424135
128 4903.8140025138855 51301294.9463617 -1.5919467109268677 -18.92252931096091 -31.22413532818686 -18.409657910481556 58.11530712524025 -35.38628965752309 10.29233627355228 -151.02299383350794 -299.2836077712236
129 4941.910075187683 53425437.47382576 -1.343516718591033 -49.141051856627705 3.7266272278293187 -17.042247789994974 -1.4172165571895654 -26.71445740285685 2.4740666005397998 -140.91102981782763 -261.09546540048893
130 4987.439751148224 69464251.87160334 -32.610125038996046 -84.19229197513374 327.8016048055456 203.53860069575848 357.41133305783904 9.986707153283703 244.27384168382287 -100.99504342093547 -169.23754358864647
131 5024.379367589951 50353518.09815137 -0.49191530717808796 -2.0650464982965575 -39.28591964821104 -40.027014167959805 20.078164085026074 -28.21242736383863 -12.35266435610049 -145.7571321972173 -299.814153151551
132 5062.364132642746 58312039.29936631 -0.43361947184954985 -57.70767722613442 61.71311589237381 9.71344431211952 25.65086983230384 -13.281748409601505 18.867520657653472 -124.14686483890625 -187.68801103566966
133 5101.062811136246 51192108.90164796 -1.9826119395031867 -26.996721293490598 -26.512790500291644 -33.645453182239265 27.447564002136772 -33.27334559821952 3.2596085831867754 -149.4940938476758 -299.2084843888832
134 5137.345945119858 50724133.93108468 -0.0367059978151989 -13.0209242057098 -36.7850681399114 -37.981974759484544 25.453646804773093 -34.37854857349646 -3.432039581252525 -150.27482318593172 -299.9142108177415
135 5174.037837982178 53997298.983127356 -0.3449143427796528 -60.784939648253136 11.633773975851213 4.304040026618949 29.324773438421033 -29.05076990472861 9.092937950084433 -142.43644733533802 -258.1986826802458
136 5211.822261095047 50645342.18851894 -0.6213489332113546 -12.636442667187907 -39.40979763563856 -22.113650171247855 52.02501359785094 -37.96970338539404 -3.2019873581252796 -152.9354615438013 -299.7546337740698
137 5248.508269071579 50595281.391631044 -3.891733196940457 -20.928129066681723 -33.91410626925663 -37.66195927749092 21.75843806197946 -35.49843888003903 -7.35734577928298 -151.16567226785634 -298.8286256556552
138 5288.555544614792 51570260.66755556 -2.1972873963056365 -24.759343075518412 -23.663289443699668 13.00990856770433 62.29780304121916 -48.95509132450513 7.860133639879905 -160.67047511795676 -294.7329156324197
139 5326.807713508606 53079652.7597984 -0.039741612420428396 -46.401837230519526 -0.7966180504392142 -17.578052313040402 -1.1983737366032159 -26.81793734985257 0.5475725861022056 -141.44797474482993 -266.59929401008117
140 5363.916577100754 50673146.00403199 -8.870821393623963 -24.19028092104773 -30.580222420573335 -53.78427599010075 -2.9766113987253586 -34.98890285383288 -2.8706700994203516 -150.68221626741763 -298.8383244122309
141 5405.818184137344 53449612.11577168 -0.6764318643153011 -22.00192577200856 12.045437944977579 5.738150508194224 65.96542863799797 -47.53078880919975 23.754895299283817 -157.90263437861574 -275.6225799518595
142 5443.884025335312 53112855.653421804 -0.19742865459605596 -46.089049630820185 -0.3584036841177394 0.15349263013041536 26.28068555468007 -26.509732710817616 1.3162873284907732 -141.22330510895176 -266.3393995446918
143 5481.51530957222 50788252.93568262 -1.7343378095213051 -14.185658001183057 -29.715573182132395 21.56761870641605 70.99473798730291 -24.754202060926787 -11.31685596363684 -142.48663335299761 -294.35389370843313
144 5520.518071174622 54629194.217922516 -2.6359954729215715 -58.11710666933014 21.682720220008022 5.123123119632993 24.965431598795927 -24.151538659690516 3.9322296998042816 -137.26397232254374 -242.11790234174805
145 5558.65048623085 51197623.95217262 -1.0583122584328724 -13.246636231949694 -10.313342894261261 -18.723766124308867 -2.282324929779101 -26.61811619244861 -12.775105359247505 -143.54926350047674 -289.75439453046727
146 5595.733018159866 52039853.83693513 -0.1910660814795051 -43.15966381822947 -13.633063331028104 -2.0667133862073115 27.318535846903302 -31.27483054894617 -1.6566042075917267 -146.4054162704369 -282.9676235011003
147 5634.3227252960205 51955483.79777966 -0.31347826530637946 -0.33446684792506165 -35.62861274163142 7.716499640357583 137.1760487421878 -45.33819570144976 27.011241506503097 -157.83892081534412 -293.07121210818195
148 5671.026976585388 54230976.40056332 -1.2370069744760315 -62.01187145999866 29.25071252835145 38.76221638697306 29.39109692884844 -24.696742906216798 1.3347441461799576 -138.59104491100413 -252.15253119847196
149 5707.305657625198 50628456.29883263 -8.840317848070326 -27.649038823500067 -30.915656359084863 -54.22108964555025 -4.529052648018851 -36.54478749837773 -4.77475444031694 -151.77455624348613 -298.26543410328975
150 5743.723929405212 51977336.91553099 -0.8829729795648831 -39.937251514447404 -15.311636161952386 15.10112246816935 55.96711660197363 -30.380469293357237 1.1877333527887117 -145.9326557489893 -286.0958799092923
151 5781.039401054382 50637778.33795728 -7.205016545387288 -19.42817029208428 -32.50055012780264 -54.48592833362561 -2.7066007416387574 -34.56925873429748 -3.2322397976028583 -150.4453642256467 -299.56590118188046
152 5820.674242973328 52227128.400702536 -3.2660648465796775 -29.188060819871197 -22.393964778181612 2.940034246043325 92.60775037011013 -51.25687013391621 24.88307197193592 -162.49537426944397 -295.11476730346186
153 5858.775562763214 50710578.711272515 -0.13270943467738405 -2.308100544243622 -40.575134249429304 -40.09688449323508 26.79712439335902 -37.003004584706275 -0.9936092241352412 -152.25637022780683 -300.1291667715035
154 5909.589650630951 89110557.58019929 -47.238657348414584 -48.44461303289691 523.1084721877046 209.18406051800315 421.64694772737994 256.8206594784466 698.4770499046574 75.81338640859212 -231.74252425229554
155 5945.523773431778 52325695.507424176 -7.465662821875746 -48.41082811563743 -8.165947781180066 16.57356612597887 56.199692781215276 -31.531508651458353 5.16564718299918 -146.28165207719127 -279.4619655710163
156 5983.702066898346 50584446.54153508 -7.882536733941162 -23.46901865400625 -32.23730715817333 -54.63841921527147 -4.2839188441028675 -36.015961401548054 -5.160349625964443 -151.5114963019306 -299.0129824836221
157 6030.1590139865875 61215433.6420626 -39.108849263509825 -20.031630969698412 85.08516505719477 147.88367122417546 428.41423117989495 -11.22468493667327 213.4599959014065 -128.03242369948373 -268.0434661401697
158 6068.307418584824 51431292.69771938 -0.13697190416994687 -38.81506221215191 -15.53529845091181 16.391823289101396 57.4737204414509 -42.898676672331874 -1.034982890203878 -156.1653239378166 -294.8274581025722
159 6108.556126356125 53127350.734472856 -0.16877829628205632 -20.78128324347198 -0.573090833405594 3.179685262776502 67.48444246409719 -47.51818156765819 25.502186225838955 -158.53441466306975 -282.8587506625433
160 6146.69136428833 53382805.07576896 -2.4600828164575876 -71.2070871115378 6.419325111238763 25.70389136452456 67.87987774044547 -35.135897034310574 25.990326038004696 -149.56604512461155 -284.46423128497395
161 6183.394145011902 52334215.581467666 -0.38812327582417794 -44.33496027662336 -9.115704212635748 27.773035496731836 72.81062560568319 -29.30892584475697 -1.1651264993453196 -144.47764216719196 -278.6697523749603
162 6221.160986185074 51578352.32387555 -0.2951207912911329 -1.9576500513397272 -13.876774509413373 -2.3876695981543747 31.093768153134675 -31.757099274717575 -1.2418122489197003 -147.37763565067843 -289.9490369677201
163 6260.809398889542 55630214.220117405 -21.633349589029628 -103.41011098951412 39.929712313465394 123.31972377883216 225.2073802359281 -33.031142065311144 71.92916472326715 -147.41370994272097 -277.6933435876851
164 6297.830473661423 51269132.4951489 -0.8673436026061658 -24.954403489307772 -12.387872825344289 -18.958580373835105 -0.6938858477349594 -33.951728647703135 -8.830293784862477 -149.10435391822773 -291.5356922982114
165 6334.807941436768 51152925.67904485 -0.06395072657882572 -13.317454818500199 -14.954922878498522 26.973199750421884 71.95322767295727 -26.031968827479886 -11.140197973909608 -143.30678953538353 -292.4615565675844
166 6371.89378285408 50621180.41445347 -0.3426051956084386 -24.269078903577302 -35.64759766794905 -9.948533435782437 25.53130381575835 -37.32368137480506 -8.736503625038665 -152.2389811240788 -297.382437607171
167 6408.530617952347 52451434.77276035 -0.3421370982656491 -47.563987983324324 -7.680696686654855 -0.07878287041661736 27.58082001540832 -30.35805811294921 -0.41330677420285156 -145.0824005901281 -277.3662343123765
168 6444.772043943405 51224337.366403356 -0.1321939924538853 -25.022165611985805 -13.548138435172739 -19.895494037521942 -1.8957983973945005 -35.65690091222814 -9.963776072426413 -150.43922012697675 -291.4716932820852
169 6482.535602807999 51179602.37029608 -0.2117717948971105 -23.07673335295715 -15.067759612292349 -20.502173752178862 -1.5579075013866834 -36.34370771799155 -9.533612416952394 -151.02808608706516 -292.0740871976466
170 6517.40580868721 51620252.4647062 -0.46573948999731485 -13.47332510970553 -5.615317534390002 -1.8488033717396917 26.065150250421308 -37.69912865957457 -7.353622905398424 -151.34777883591016 -284.1359053064141
171 6552.962178945541 51272124.39957248 -0.4544100579030026 -16.5269330650972 -13.85357851984761 -2.818338412793551 26.86998428095892 -36.527315938965955 -7.835078172350393 -151.05302481596868 -290.67963089072464
172 6611.051395177841 153812643.48065898 -327.8479981592668 -397.17647157009714 3555.2056004822352 613.6282054709795 722.9423994380387 568.4065101493611 1538.1960932660968 359.0935667491457 304.9420872477964
173 6651.245265960693 63649710.69161203 -111.78611047496125 -67.57605041885586 202.84076848401995 196.49513760058835 400.34591518577554 2.8385029769079893 249.32111701676104 -116.15534564262043 -232.7603192984816
174 6688.342442035675 51352726.69946266 -0.16344649220937058 -26.880588790635308 -11.684908284432197 -0.5673877429347272 26.888732908831436 -32.5338214353647 -7.870649658939044 -148.1120339314997 -291.78304508723784
175 6726.6398894786835 51167968.49935083 -0.05150226502055233 -21.2761204348523 -18.152076437162542 -21.3033453061324 -0.7741526477290233 -36.252001774065945 -8.014753493306614 -151.1311032668729 -293.26409206612163
176 6764.22404551506 51157977.72701081 -4.87645276190991 -24.552534372296677 -18.958935279946132 25.335504079703384 74.89255286251625 -37.500348896765615 -3.1146757594888754 -152.12071324565926 -294.83726620884204
177 6803.099133729935 51255435.195473045 -0.046995607491775004 -29.457103262992213 -11.349771979424375 -18.706281808491 -2.330419804849793 -34.25068871535126 -11.093427073547161 -149.3416382303348 -290.77702152400195
178 6841.827055454254 51561073.15159492 -0.6372045699740081 -33.989142381718125 -1.6738399706183387 13.157299523994723 1.8060887369787846 -31.550426635893416 -11.754168649478743 -146.83753467516073 -285.96738425889475
179 6879.652248620987 50795608.21716724 -0.16995686583396186 -32.718994047733545 -31.500592680768627 -18.759009849799853 49.54462378709241 -42.346482884406385 -5.912009537629956 -156.3744447566379 -299.39966385207003
180 6918.513232946396 50491109.41954765 -0.08955694484877519 -13.91892743295413 -39.39057141279171 -39.976022878311895 22.345907210119062 -36.94441298232226 -7.7804432251802496 -152.2316609881297 -300.0297530715427
181 6959.2550094127655 53292964.396134585 -3.8651970490584446 -7.216053012510048 -10.798837913801272 59.44917514575699 165.84902605383115 -45.53051957079305 37.1814356899356 -157.32464990000813 -285.078608796357
182 6996.779186248779 57201997.41403034 -1.1873293605903292 -70.70250619807432 52.694205003558736 11.317590684877516 26.829580965970536 -20.301476496169528 15.855676127286074 -131.3805748252284 -208.1061242605744
183 7055.971658229828 100982201.59274721 -83.61263330271541 -59.309370796238554 822.9630736827477 296.1925515268651 474.78392489112537 435.0547113009287 965.8435024342398 207.12762557000235 -259.6934381723157
184 7090.140899419785 79877928.11733629 -162.34167877466993 -156.482050598593 420.41745536835504 224.51178811439615 355.2685807175597 180.97072190326708 525.2902863490585 22.293058171403118 -188.66441437710483
185 7130.140721082687 56124150.4926363 -1.131920769971929 -65.18599170909356 65.38735344552346 28.573825528917155 0.07932296301727959 -16.6512836321682 2.517731836920518 -129.6943763322679 -220.97888295524655
186 7180.767719984055 69578295.69726646 -17.81319708775156 -74.88579661743086 208.99979708352464 163.88009612952263 367.2075612992683 85.57164031398668 355.90832758372164 -54.5438905750986 -263.86196161149377
187 7221.974630832672 51939011.19451741 -1.0713390756561658 -29.99508327552553 -21.957770491256213 31.4038256074128 92.41991999548742 -51.34934408979399 15.507793096754767 -162.53980566110152 -294.76362825451207
188 7266.251946687698 62073282.59786151 -34.84989774484485 -55.72959627145453 109.05776726257062 121.99555344835937 357.8746512649592 13.861533144488135 235.53554001820294 -110.85289625779575 -290.67455420772114
189 7302.352862358093 52317253.08394401 -3.793968229233778 -46.72450952196678 -6.308732903988982 -0.005249116677617849 26.093756060960338 -28.910059359592367 -1.1458953532250575 -144.27906824929283 -278.3768576728095
190 7349.398465633392 86982618.26209703 -109.40464186617677 -150.95739143752834 525.1441193022317 255.86068574238953 417.20303444883837 245.71674036839488 666.8303022022214 68.30582406655344 -218.4696172209184
191 7385.2871243953705 50620549.701582715 -9.38868886477348 -25.293878006481474 -30.660036516532422 -53.87852441954426 -3.4046082069557624 -35.83868190758869 -3.863167197745099 -151.33625723116273 -298.76379705371573
192 7425.3286464214325 51654444.3898609 -0.06466322621009546 -9.475019680778752 -6.230476333653655 17.399956522209024 56.685978414233595 -32.49356422527882 -4.171863595702973 -147.70878678317212 -287.34050034392135
193 7487.504160404205 104856580.14469393 -14.808721615359161 -138.04675790371834 676.886686071583 265.45093375379906 481.22915088327767 398.870501357742 1043.1375055650037 173.96590303917912 -294.04217683709464
194 7548.767749547958 123157784.05666319 -179.10236566986197 -327.72432603007223 1055.4637822228653 424.8764404985914 670.0261511469611 434.46568862690594 1256.060111327773 223.2839976238397 -78.5799403403002
195 7597.712509632111 85990889.60622083 -104.26675262315297 -196.3503005571278 470.36292730773357 264.2742810626546 369.2788664543332 145.20935297389667 482.2518936356953 9.442991409264039 -72.60755678426216
196 7641.663917303085 97339612.76875989 -130.75973441652394 -18.15429138283752 903.9966007136182 234.44721437854614 438.2703039032595 285.12346886204625 817.339976784446 106.07700913630151 -128.09085508647303
197 7680.671159505844 53101721.5104933 -0.15629282506982634 -60.78452452561207 -0.5626836764431573 17.9630611521575 54.93321419280051 -35.794827156550355 5.633146158379702 -148.579118452555 -270.04054998860886
198 7719.540195226669 51185055.330320865 -0.3632574817486969 -20.868693578770618 -15.446849283180981 -3.258893338438085 26.07065883597286 -38.1568634650223 -8.80528617608752 -152.3252001921042 -291.9562019937481
199 7759.333618879318 51416662.61060128 -1.4762023183121116 -12.782999367570088 -11.884632462387302 -1.9476441459456169 28.54666078802597 -33.566721867928095 -4.736312456795645 -148.85658960773026 -290.2777932648907
200 7797.477334499359 51150790.28797867 -0.4037371778670398 -22.52294391268066 -16.256031913097743 -3.3149893421075802 25.86341831102727 -36.93968422071981 -8.575115011685511 -151.55058319237497 -293.0876605450912
201 7837.4061627388 50982391.36814808 -9.685812190751554 -34.03554001341619 -24.175869452294528 41.25573829109507 101.34044900884766 -34.0558180924765 -2.4306537823522376 -149.6453030642067 -294.59131860868297
202 7876.611869096756 51539344.301718295 -0.2430627909871923 -14.702595538106808 -12.791295232097717 26.901574141775043 76.11183961651693 -34.53067915202428 -1.5072915128546924 -149.59890304780652 -291.7497870063122
203 7918.273571252823 52462250.928548716 -0.18357795964270807 -28.37031921562926 -20.512464182961132 32.89477243833966 140.25943364129193 -51.79906857792463 26.96111945418272 -162.85243620664954 -294.31994954691316
204 7956.438554525375 51202957.102436244 -0.030336985584453302 -28.61450450851563 -13.600000533679214 -19.451645900166326 -2.097885595833045 -34.923943806312025 -10.502973848084196 -149.98742471930302 -291.9060144951974
205 7995.274404525757 51090377.055976905 -0.0011693448956222596 -28.49627379866629 -18.204479945552173 -3.3454613512193134 25.31098041523626 -36.69200383619983 -9.599071146779806 -151.46195605426908 -294.05957090398533
206 8033.216369390488 51196622.68650313 -0.763067857041797 -19.35206025013494 -16.690799912013198 -20.950862080054364 -0.17260462585183767 -36.35649203415727 -7.264799139713773 -151.10169881947155 -292.9188974083099
207 8071.413619279861 51752866.39510356 -0.39832511499830403 -4.715324803799666 -5.246105691988809 -1.6064090938486117 28.024718585531414 -34.65023293201813 -4.690971565840414 -149.04310193702833 -283.30404158381367
208 8110.081736326218 51384674.738382615 -0.14285593603906221 -18.154360557362192 -11.274269374543188 -1.0535478225108932 27.72659915523863 -32.30445913444015 -7.072264735123156 -147.85636368648318 -290.97361942969354
209 8151.069300174713 51449541.53514191 -1.2509866012573383 -39.65573698160331 -21.35079088166777 -13.930382855667034 56.00745843420413 -39.649520207425496 7.1258602134209355 -154.33404028592145 -299.49320756797187
210 8188.135025501251 52805047.655450836 -0.22777625341439034 -47.041866858202354 -4.099901855419915 -0.5684689068205842 26.091374771322243 -28.98965365469826 -0.3891299027346804 -143.4578111312327 -270.116297516897
211 8227.920010566711 51335842.53540338 -0.08524284978626007 -26.472493435973643 -25.451066016030637 5.371668062277671 49.16349642193324 -30.70234074573898 3.5601284881487345 -147.35688870350924 -297.7506405807985
212 8264.063150405884 51610083.325031444 -0.8533570833664417 -5.901286508362352 2.7134678939739416 0.1770987947810312 23.583653374087113 -26.49087198199146 -12.503110945461515 -142.77954917941923 -281.30314183038814
213 8303.83733177185 52900047.82561139 -0.2623035011603285 -26.045387173413847 0.012703791084049953 20.279036551272767 92.18655718451859 -48.85638269160381 20.89097488549328 -159.632490653017 -283.6619964077483
214 8344.250194311142 52522337.480921745 -1.0972524133614776 -18.06129790764777 -21.25879228879328 -2.8054800199497123 111.23479486023955 -46.80852853123713 29.160719994331657 -159.0503831814422 -293.67105085998367
215 8384.6026096344 53637016.22313627 -0.4229297531686669 -14.256863587700007 8.04963496620406 34.74621857129147 115.74577914131498 -44.32850554283169 30.480856704675375 -155.66429593562708 -277.2939933014525
216 8422.36704158783 53022116.718457334 -5.0573239478158705 -74.17942020327577 -1.5014986062749571 126.77632812269661 236.80659198732207 -47.46090036648678 33.48425439420282 -159.67276005809748 -295.20408749810423
217 8462.361755371094 56501428.111995496 -1.7057788496953332 -68.81869663761562 47.043551120188084 11.516685048311814 26.5934008286781 -19.774024595482103 12.784445751918952 -132.01597518146968 -219.0561260964355
218 8518.246512413025 104649018.89173779 -27.00227172630374 -109.06217201442853 863.7832594782778 325.59325014101984 440.28372134414826 391.74056192239334 887.5277070482109 184.57096078192467 -151.50951872461417
219 8569.829344511032 92176907.08446783 -11.503834988123614 -91.58233995088845 513.6869904071513 247.27923652271664 419.78169802486264 325.9800529323509 778.3816335773247 122.76114388689882 -284.73812140250175
220 8606.954229354858 50505940.75448132 -0.6896111793030233 -10.861671449366456 -38.50453954229734 -57.225328298401436 -4.915296522157956 -35.557192645982866 -7.844139590183545 -151.29673065106374 -300.2788190427409
221 8655.4335501194 86910241.33669835 -123.80038345479667 -67.61646402900874 450.2875436416268 195.61501251450193 480.0701757648991 231.2861578598363 761.0464783048569 52.72621987119396 -270.43864297448494
222 8706.589057683945 74022671.25881374 -106.45932555117332 -103.00190179950721 367.95366838300174 290.69194187710343 534.6449655334146 61.73588604126155 411.3422207559654 -67.41252624565504 -199.26676574800183
223 8742.926398992538 50787110.452371866 -11.491387916511428 -0.6083703679031944 -26.76343497221393 56.44401046818416 129.45734093636844 -28.4502613890416 0.030184252020603708 -145.88637179317294 -298.250329389865
224 8779.34356713295 50763002.46051312 -9.497118760579 -5.390602210275494 -34.88472352812757 7.645250123164743 100.80791912078966 -36.42724024831682 4.223753370833094 -151.85309045851557 -299.79829947400276
225 8831.036245822906 144715182.10489154 -328.89293939558706 -409.44492729994295 6295.743186005016 641.3557921513479 740.8610447725597 492.77095071878546 1392.1038165641576 299.4053110133344 272.9936609862656
226 8883.172977924347 150171692.7053881 -311.435587776436 -365.5093081039582 3813.2283497825338 554.0138265321456 678.6663252004657 578.6420625929695 1519.8949603118203 361.1783326972244 240.83260728843152
227 8920.320616722107 50368670.69713655 -0.6380303384202701 -1.4387586645899786 -38.387832746977786 -56.685225965463076 -5.809095708793626 -27.389416213817526 -12.114418086988564 -145.0854429046115 -299.9022729055424
228 8958.991876125336 53045966.046406284 -1.2997773564080752 -49.871616013410026 3.1001709006006166 1.9659557279084794 24.19180089045698 -26.222411093350047 -2.5451092446486427 -141.1638705006398 -266.27085495620634
229 9012.572654247284 122439882.35387695 -244.79033429216247 -325.613325049856 7366.635767756103 532.8777961231032 557.144721739885 331.14724404470905 949.9843948362932 173.65881276021912 230.81642461912054
230 9074.093262434006 139164018.67415926 -274.5936704278735 -366.52138324538646 1553.395235687519 501.52559226864673 697.1722364117129 510.90423838154936 1424.7691890488818 298.76400083982344 117.42425897893361
231 9118.529303312302 52724264.0179838 -10.879070513006653 -19.741918306839636 -18.120433112273176 15.930197883248411 142.4100255042431 -48.86358429304863 38.90340418002734 -160.37595288780614 -292.0848820307067
232 9177.853038787842 124158719.13577405 -257.7868850331282 -370.1288488218954 7589.152807839795 552.9179840733623 611.405264810975 354.987173751496 1079.1837917497105 183.6804317912554 144.88755061818756
233 9241.437619924545 129837564.50975347 -262.14793183286383 -361.77306888431633 3990.919064660374 515.156476686062 676.6871548273213 421.58053177885176 1231.312245991562 231.15126899859547 112.95080876564532
234 9280.632212877274 51318132.18772275 -0.19049742084440702 -25.862129022134063 -9.499894339880072 -1.2937099121061522 24.59708775351795 -34.7040208992604 -10.432683515860504 -149.6742514493758 -289.5944519535406
235 9319.668687582016 51331741.44211051 -0.6331802419365076 -1.2842081742805438 -7.430909331753391 -19.026459947927293 -1.3621333576865595 -25.84411855044391 -11.190375271458436 -142.74181744000816 -287.4082568246171
236 9377.288818120956 115031102.74540667 -190.65663755648492 -337.92680266038883 1411.905144948025 448.6668266217681 539.0376558791422 198.55759115421813 725.0758205930169 78.99959546217383 286.82617696674754
237 9416.169399023056 51201434.973517 -0.03576738201427432 -18.594445400510853 -15.821219025430764 -20.329984235624963 0.07264820263095118 -34.56695489408526 -7.579525487067713 -149.85226455816917 -293.19206587041276
238 9452.991272211075 50666725.90676957 -0.05774355120343344 -9.9181384493281 -39.30554518505497 -39.68876492925648 25.06851307439765 -37.079642875455136 -3.1410048712253342 -152.26560031272612 -300.12149150434755
239 9490.53598332405 53791852.92736078 -0.3054326775661913 -68.69222354412612 34.84133951893658 58.28988526547903 57.81072161649929 -32.697358372516476 2.0449119980960404 -145.50991554296587 -260.9905965256895
240 9547.90773677826 129230136.67815325 -179.66351869277406 -251.68712643076543 1682.806243405948 380.2881271613783 736.8357565458425 548.8518652002681 1504.1978212955955 301.8377197169617 -164.44840659068467
241 9585.359182834625 50274014.54214024 -0.26587065291342604 -3.6179765159070914 -39.387169538174405 -57.617716240552696 -7.571781241828274 -29.294340292172876 -14.17523540122545 -146.46691932956725 -299.97405032475683
242 9622.413344144821 50626225.51278437 -0.5654333415943675 -2.825557563877675 -36.154304635348566 -9.891643788060918 68.90034627923028 -34.485968537103474 -7.516889650385167 -150.46998341046765 -299.0742034726105
243 9673.153448820114 110062784.47636046 -183.05941425649965 -259.19673824973137 1366.839135942527 310.9552251565274 456.2306668609678 254.97335779481807 805.6652353104389 106.5108628466968 124.04171618237194
244 9716.312129497528 106783373.3244761 -163.7412990744003 -187.67417560434967 3514.618815090235 369.6613745743813 392.6248059160688 292.0559874221261 712.3064483938501 133.8981180010138 121.36716878499692
245 9753.349887371063 50499345.27842417 -0.007035942151365049 -19.574309783378574 -37.66899048991109 -57.205402215983895 -7.18253232280458 -36.713973034290575 -10.531175024389029 -152.03169277650306 -298.7691432689927
246 9789.989052057266 52701216.31431292 -0.1446530151600136 -44.80310812141585 -5.953434938254631 -18.841792383279383 -0.9438459268287431 -28.54281604604347 -0.09276381260400512 -143.30635892538305 -272.25629524474004
247 9828.663811683655 50583183.25868476 -0.13000699246655145 -14.384046328227587 -34.296444117994376 -37.39875742384652 21.674878404238527 -33.611267988454244 -9.756525455072904 -149.77477775609896 -299.6288443274163
248 9866.525267839432 50305260.767407715 -0.0035651856513716496 -2.3889998628669726 -35.21284359022165 -56.63581985481193 -10.06272582101731 -28.19407246254309 -17.031041718332858 -145.72849722050478 -298.93448928405087
249 9903.796356916428 50455787.95245221 -0.11503933985205173 -14.211160676215224 -39.345485635515544 -57.728321019841246 -5.956159995979744 -36.84157293047457 -9.456072075926443 -152.14453418717704 -299.83822444145255
250 9945.352079868317 51472552.455614515 -1.0058309346936873 -36.861330440378346 -23.027170839433197 -14.684120558934978 56.356179693354214 -39.19050642671249 8.184341741277763 -154.03267891028713 -299.4378572148663
251 9990.388516664505 123820429.65796441 -211.6168190668063 -259.6825691958269 2179.8350056980235 441.7183699255015 487.5265685630992 336.5207443115404 889.9923621509404 184.42400259210706 305.35500071842955
252 10028.826966524124 56488757.74471677 -0.9471567627204571 -66.39907024446754 43.088008216694625 -8.688975796633443 -0.4766473995334408 -21.621165657857432 13.642683280605866 -133.26385643988976 -217.93703026599445
253 10071.364919424057 54579779.665626794 -8.46749572056697 -114.21578797452841 19.562790266560228 75.18080404736314 145.47353272401202 -54.92895913926549 42.15263158771961 -163.14190429481567 -271.94742335765847
254 10113.858641386032 124281788.24430278 -339.2476754563811 -387.6141723864975 3429.299418511318 546.2791749772477 655.1458430160824 353.21750155856625 1097.1218472434552 185.21393871946543 177.3562039134166
255 10162.065200567245 124158742.0088527 -171.72622533791764 -305.73467147740337 6775.4886907536475 459.11077152728694 397.7270506575655 308.03742398320264 877.399165369982 162.43739271007667 298.8073611103923
256 10201.541320800781 52946742.795520045 -0.3864348335842802 -48.149861693677884 14.568470416898137 54.13370785077559 110.7848737280409 -42.35043255318442 17.564147625892474 -154.96915481794304 -284.5029237722857
257 10250.206233978271 80089202.08312228 -53.91858980886123 -15.35068856146804 456.5040067604641 187.02084483990868 269.8592411093024 272.9392903484055 562.0298687257548 83.1637609165889 -279.8737530452895
258 10319.902960777283 131097005.90439244 -90.14191843293051 -136.6241890219588 2185.508990292372 339.29328605227647 604.6534509203104 672.8561178938553 1580.3505048021384 386.3685036286141 -286.1385290654655
259 10354.646797180176 67084683.52891539 -92.60897821715754 -116.1327661151119 241.3130427801334 268.4707067724402 375.87340220727435 71.63160907044687 245.21207286996457 -61.21630950579157 -199.35907372523616
260 10413.138927698135 152274045.95954752 -233.8537606077089 -373.1513869783265 5819.9932893546975 571.46244563015 719.7699330416737 603.1377587620568 1585.5881289587073 373.1127649305099 169.26858135821965
261 10452.223188638687 51180403.18403097 -0.22125980167818682 -28.844049619234905 -29.803626972067022 -46.69711361003259 48.93169674731081 -36.14744364351935 1.807127613188868 -151.5605845486831 -299.46900400634377
262 10491.582735300064 51578216.15336044 -0.3265728021205412 -20.079468197634373 -2.5456802415581876 -16.845414753519805 -0.8812097814060671 -31.2539035833168 -8.59183321926389 -146.7603489280424 -286.56677933644363
263 10544.800681114197 61683872.78019628 -4.631074007018938 -164.18312834537124 137.98168683933508 147.7128752913771 180.9470754372814 -34.06199993028895 91.61259621925467 -141.2084274059411 -201.992584650374
264 10614.14923119545 153562599.46410495 -241.64961843206223 -347.3645573337362 2316.5392815494156 534.875838236157 683.0445566342256 728.5210734015056 1830.7339989396528 453.02239882579556 -31.30178145170015
265 10651.667791128159 51406127.28908953 -0.22832779278918203 -35.19154107235911 -25.05354637623047 -34.01396751535847 24.639146615250194 -34.5107549703248 -0.18882144627457365 -149.8701166414702 -294.39630331640416
266 10695.938975811005 55895688.49599968 -4.3374914977618 -102.87882625779031 50.87155460382145 109.27079805345156 146.87731525092696 -28.576997140062417 56.04610545607795 -143.36936057810965 -271.88303482379524
267 10731.605927228928 52921351.60914703 -0.4198836658998495 -41.88006867114535 -3.7101845643072764 0.014450253754588971 28.256122312592566 -25.245085881704483 3.0878467925825817 -140.75750030518594 -270.7691769775164
268 10776.878240585327 60556237.57195007 -48.765528423399765 -26.26123258526377 170.19028693294229 100.41332065518924 235.51970783152393 -26.315857954121782 121.57054190191343 -135.32714113720908 -203.09566615824895
269 10832.4515542984 109442485.97659278 -17.65870001073249 -222.3680123458283 1111.9938327833243 299.1823367918371 572.9285526422962 184.69405573403924 702.7396174277981 55.89451333933357 141.3436108710781
270 10869.913016319275 50789924.02962189 -0.673933449889887 -11.560823323408584 -39.96733844694145 -22.118729298241774 54.73974602208747 -39.98000193725193 1.4037268938656098 -154.37263087713114 -299.30333629216693
271 10925.013887882233 149847631.4124462 -327.9311251729785 -412.46634161871134 13232.07722171975 688.9430868916858 777.0073523812185 588.5031228563291 1600.6182763434613 361.317517048293 161.0863382025816
272 10989.021160364151 136110139.75948587 -221.02210952665453 -362.2239149875009 2514.039898494621 488.0753466634238 564.4254509549656 387.9369470268035 1134.3478182844165 223.29498749525214 305.45893019628625
273 11047.803900003433 135995846.40534696 -247.72056113632348 -360.8651445257468 1650.7052647628946 500.10009716358604 687.8985219679821 466.60423031738924 1331.0170683878057 267.510747728356 132.7045077609465
