1 52.19155287742615 87912621.71400332 -5.585075750637328 -7.897550071170281 -47.70081063493835 -28.736491893926818 -12.081235922193859 -0.14093112665449326 -28.159810824319266 -223.66191160369232 -105.61331126411864
2 127.84403133392334 211537694.8163141 -225.95673831338456 -202.22921387288926 2091.306506018828 623.1231807896739 889.359373842521 681.319576094299 1762.0585473321298 147.57149732594257 229.13408579805343
3 205.861887216568 217047752.44527593 -102.07946976169407 -156.6048437582174 2240.1650446749627 591.674562508473 662.9600915576175 588.7686298996396 1383.3152043832854 119.92675042446717 404.2193213444026
4 259.42922258377075 186946368.6490245 -211.29800977377366 -246.18417758371623 1173.4155872304218 540.9414392592695 751.4098827133876 411.71157403403004 1199.4613813933943 20.73096883342373 290.3192432697722
5 322.3446218967438 170006503.74195248 -193.0861032494907 -161.52994075072908 1055.6649513349194 481.0330913792131 802.8508439797976 510.0994990287229 1387.7764593001582 41.82323888167855 25.29726561526536
6 396.4763367176056 198785364.01118636 -56.55537321653408 -133.20780297030328 1445.8817113823384 413.57941862638694 515.6601448001434 450.14998833298455 1149.7072595685017 46.54598907889897 355.5951864011148
7 450.73408484458923 168443929.23918632 -93.16579862242293 -168.4323739248875 806.9691876232142 451.8837200324947 529.7580105880351 263.0201759478713 736.6299210156453 -51.365862583176124 303.2052228078668
8 524.2210214138031 199272947.45556176 -236.04174739832283 -242.50589988742973 1746.860431941639 615.2248522911045 742.7368889914087 588.1240442309272 1516.4083925626046 103.27830579132592 245.94628318664024
9 595.0477428436279 197293140.15368015 -260.49261801547664 -277.6602559480458 2058.567163082559 653.0780179599867 844.8735863983335 660.5009685773559 1692.9796167345917 126.67073036746365 126.71712016233835
10 648.4205603599548 179828317.5651887 -121.1795542850262 -189.36815383961203 2666.0222666777263 427.2104272445381 476.36830509318327 376.43267336228905 980.1121588305243 3.1118406775952394 287.9154422097871
11 696.5756549835205 167469188.87498134 -136.81386802518185 -153.04734316970547 1383.7931204607646 502.24974249210175 536.1021794838204 272.24109538820744 778.1539851100256 -47.79349865688886 293.8487204573655
12 761.1826658248901 189327520.73946384 -200.32906426715456 -273.5741075132355 2785.3043992069584 631.5532361895566 526.515698386134 313.59814108799776 916.6082084901561 -9.908609628581985 441.5589075312139
13 817.3801333904266 235521940.61393383 -248.8904104758573 -285.8640863679671 2992.5554216745822 787.7430637398375 972.343517638463 685.385543855977 1798.3530899396396 173.54956339572482 460.0072423984325
14 879.0913739204407 215302653.32148272 -260.68849101252357 -288.0983781138703 1485.1697287935726 654.3283589569998 739.9904190609485 530.7135963007242 1436.2637729473151 96.57372391379783 455.4457361777511
15 937.1518120765686 162427620.75601116 -49.948872466435766 -90.5775796138088 708.4806348996373 376.74977702273054 468.22775304541904 246.84210031625764 631.6948557265857 -61.250574882733076 284.8006953736193
16 995.1559474468231 177905785.79707795 -116.56668958121415 -176.83617577514445 1925.611235643107 422.67874330442976 441.74097089722284 310.6713091138489 864.4295719467311 -22.55783596062406 332.8477368299348
17 1074.2095956802368 188089035.08590657 -3.81484599431127 -112.29986032377079 1312.7256334347596 537.1375804002537 350.7639914210911 331.7935099691904 736.8688397007388 -10.871200311331336 421.51896881804987
18 1141.7434344291687 200589015.04709983 -130.1359300366308 -140.44700552885791 7747.913256711966 627.4128860567153 793.3899140544454 494.66927456748283 1339.9764346867498 67.52370754850972 346.56309800788983
19 1204.2525088787079 174262319.12879884 -100.1871562908191 -122.3923819768884 2425.5964819902597 435.99245875969905 456.57569294310736 330.35273832837254 857.9522287927673 -15.840869332117961 306.1970527137514
20 1266.524501800537 190735070.29112706 -169.23583758912994 -254.29184790127505 3018.449918397693 611.428642404004 441.89154134540513 330.58457616102396 853.7270936035684 -0.9846480762807914 468.2769918275152
21 1325.5444283485413 202014427.41321567 -198.1003440610907 -155.6245283707452 8062.7897006463445 644.4980573659453 765.8887167866659 518.0228197454303 1355.0518711083628 80.49309861704262 360.2992212637564
22 1394.7422029972076 156970591.18955973 -28.72662890341811 -91.77799734674385 516.7215807912664 357.55557125483074 621.928918073795 263.4027565501757 824.9155421247758 -69.85202891321967 123.12399580206079
23 1469.764503955841 225043773.23697042 -38.206747578710285 -113.85401522890496 3977.1437977204837 598.9250069946565 851.329123012841 722.465068913672 1786.8394622723818 174.39060923224804 291.9504209783498
24 1528.1631469726562 157035446.90160975 -94.49113126943303 -164.72011741825358 1533.8725094193264 478.9452049812951 403.4989440698476 250.44250939484039 532.277638971804 -59.09530540022422 275.3770948890385
25 1587.2756206989288 186854315.5334586 -75.19990448249307 -182.7141251284162 1996.6972519534188 589.630888681737 587.6805325208444 278.86820896726476 815.5790965793881 -29.203628659189008 441.8435432749409
26 1672.009182691574 208972482.14460215 -173.9242485272099 -206.60637106585642 2337.3193328012153 596.787184788496 765.7605256674591 707.1601887290469 1695.6496975443233 153.49822680536954 191.07426805771365
27 1738.0544316768646 155717769.18079177 -214.87748701871539 -177.8530241580624 1436.2396824313632 562.9680749783554 582.3038328092811 184.30176845419737 664.2357442967696 -91.98353234411383 286.46283037702153
28 1810.2281575202942 229086209.85356402 -244.82440021522063 -287.75194019804457 2421.2886411929044 643.6773039129724 769.0133306856086 564.3194625983576 1497.3947170336046 123.14116525942836 550.862318377503
29 1868.1863315105438 170826602.88971925 -51.82566480015963 -3.6781975719272255 2551.9153575805876 482.44646766215686 572.9657958284688 168.5893349048455 555.6283141587226 -80.54735367353373 471.0228095810628
30 1916.6186878681183 88997780.1226803 -44.15177081150644 -33.99543279913451 7.280182201802546 86.61824056230299 1.7743921751099996 11.835664363612977 -10.337886564404982 -216.5153747280935 -93.55369814000989
31 1964.5294642448425 88462109.46321844 -35.25147727259709 -31.433465899798954 -15.161651837865719 56.26137322422469 -5.42290512680896 6.142429287596997 -13.831328547191333 -219.86289739056684 -98.4420713958313
32 2010.3075730800629 87629929.084643 -18.75919953518404 -16.21817796097851 -40.69688908151965 31.046362399194727 27.185121785166327 1.1284950093417478 -25.178631936140107 -223.00987380001555 -104.99388190265756
33 2056.7136628627777 90850233.1209491 -0.15342084363874875 -27.793112337759254 -6.185111118217797 74.44055116034843 4.58168778521032 11.191017212572035 -29.99904278655208 -216.4139343261865 -89.35822388216258
34 2104.744441986084 87664029.6244383 -12.98021221984393 -12.205253172674393 -45.05279664289784 9.074335289029655 21.747678049147215 -0.1240708344537893 -26.391374476340047 -223.708150114648 -105.9257780855919
35 2150.8258895874023 87561392.42225994 -7.349934915564452 -8.419191839922373 -48.005000362348206 15.278206854044715 20.880532648380534 1.3999451936576293 -32.416342297735355 -223.10514598712655 -107.34466282775088
36 2201.5061328411102 87909715.405354 -11.687746526947711 -12.416081637503849 -42.98101231620086 -2.2413942010766803 17.614193093974173 1.3932383681029137 -28.223671394932637 -222.74691929802725 -103.68264520253956
37 2247.6819190979004 87580990.40805985 -2.8447477423596403 -3.6986261571903523 -53.17087281412272 12.756279544445533 22.75009072350437 -1.0502398563185693 -29.416651405758614 -224.5659847091702 -109.79767809320765
38 2297.025321483612 88658434.6224511 -0.04400430211214257 -10.039752963066736 -35.45051501912099 20.485031334162915 -4.190503362716964 5.738341877443361 -32.77949209110335 -220.53676295414732 -103.26830629970846
39 2343.9150264263153 87629675.80531372 -3.081742785166881 -4.537880861715678 -52.08421404382251 -6.566757359198604 -7.111767858484109 -0.4991793968600291 -30.264010143974133 -224.18823979143667 -108.6152955694306
40 2394.2223975658417 87755084.14834504 -1.2716308468969277 -3.198197127477548 -52.954104872617044 5.074789567929841 19.622056703896465 0.37393042170077706 -30.708042947895365 -223.70660579250085 -108.22493027744974
41 2443.2220406532288 87225258.35832565 -14.201494859929976 -12.435053248781875 -47.215470872530815 28.102721216535063 26.25936459534777 -1.2495984056086513 -28.472241506860428 -224.65358695357293 -109.52090173814543
42 2489.6466176509857 87589908.6858299 -11.498486999641324 -10.855937249352657 -45.84531562274971 16.310450163530707 21.76885336162248 1.4078433646553208 -30.48706165807488 -223.00418276503353 -106.34568610031062
43 2537.177620410919 88638638.27108645 -14.129557087494545 -21.275564140508227 -26.79818966916664 43.93608932453942 27.853631782273112 1.1529767289653137 -24.76903258163378 -222.44757468936268 -99.89728870815662
44 2582.6065039634705 87329759.62928802 -13.837557366580755 -13.522904818101313 -46.596626602767216 28.364319521461084 25.57035688342783 -1.5905812209886676 -29.00597748456272 -224.70924470102148 -108.52235246577425
45 2629.7739131450653 90165828.07570776 -30.187013876987436 -43.36254506859874 13.794071923561987 123.6917487385368 32.91945924947542 9.468508155967925 -8.733086794938231 -217.6410950848894 -92.9401623726082
46 2676.355075120926 87450075.5557036 -6.158139842987977 -5.937638139965886 -51.48748995656972 13.603737284823698 22.13625029613343 -0.6176195906489852 -30.8680674913885 -224.24365225819702 -108.81879058712218
47 2722.9581956863403 87321667.70917957 -8.905340231666248 -9.245443783012362 -50.26385684878704 26.493996063555834 24.444413282725108 -1.1638502804880204 -31.407676792369898 -224.61012595902548 -109.73722119337145
48 2772.0315461158752 96935939.29711033 -44.14952561331645 -20.02076297602698 92.3884859060945 147.9926000835353 58.5070147220763 92.77855732102375 16.557440330685154 -171.40471200867472 -43.73635000583789
49 2819.477285861969 87513950.1235549 -6.7009626434581 -6.767355621231575 -50.40599462095972 14.080638179809373 21.913523792515416 -0.1828878996233243 -30.204670361960495 -223.9820306000919 -108.23571727911394
50 2869.6299924850464 94186818.16446473 -26.382948937528873 -42.627584112877365 28.330968982515895 70.71973442433256 85.31233119206888 9.194711992406951 18.312173716963116 -214.6274997385549 -62.97152711663938
51 2919.3813378810883 87597386.10746503 -33.52355898407998 -30.178722359459986 -32.71742643559202 34.74383415569283 32.380023242804555 -5.176657687718432 -12.366156774900958 -226.18209363302225 -105.45061976050141
52 2964.6115839481354 93666898.5212505 -37.62652315203421 -27.156645994159483 28.80455650872502 72.34747309716138 119.89388551598505 -0.6603114920333155 35.24056639775108 -219.10032775657436 -58.322248677505456
53 3012.454852581024 88093304.21854404 -8.959793478130072 -10.358109876764892 -36.247278273275136 8.41624568625442 24.23674011311626 -1.633423917293669 -22.11539988473828 -224.52303571632194 -106.6939647725402
54 3056.412894487381 91356218.35682617 -29.08047573125146 -13.517193660063656 11.742599505337019 73.59189239778394 26.118318311637225 12.237606448111364 -0.27523401022858707 -214.23195692227756 -73.46794614521042
55 3103.479170560837 101479028.42420124 -8.094067889394855 -37.51574694359097 100.12822344251083 164.6668424986403 145.07045227043812 56.82817823115295 34.29383539242292 -186.95992283170835 -22.683444606343755
56 3150.472362756729 87124064.13806944 -16.322843250919213 -12.37381122501417 -47.22419120511993 -15.511398920315791 19.355021803131216 -4.931152034409536 -22.3403392273579 -226.58355739749106 -110.84762724172765
57 3196.7016274929047 87085354.41132966 -5.465676152244168 -2.5994657755305397 -54.438459322550685 -38.10900593697974 11.378026206227716 -3.2423613944651493 -30.67822365209821 -225.9350181070339 -112.39777991064568
58 3247.6863238811493 89652316.50102778 -8.592055355831693 -8.426894442821808 -23.90285250974845 39.74768009997389 31.85342031670764 -1.3249188623476016 -16.411115664834142 -222.98438244223087 -93.48289081009
59 3294.828458070755 90890501.47652045 -9.713482613155268 -14.875165237706101 -16.56110593469883 39.406407658246714 55.42961777851173 -7.135985849699921 -8.50804307899864 -224.34758289205786 -79.07254748567595
60 3343.939736843109 87522222.52081451 -5.033991744534999 -11.728387768239395 -46.317238629214266 16.41512033341557 21.79148503454304 -1.0826042642775064 -32.25828997024513 -224.71886633930967 -111.2179801303567
61 3391.112726688385 89962230.36184628 -21.97117558087302 -20.601274191845544 -20.66427681228088 39.79206422949149 107.16794907479053 3.040139197290671 7.164048277099084 -220.9243124746775 -94.0850760720291
62 3438.813709259033 99496870.44369951 -40.227642860925094 -15.317694732142801 54.839467388153764 99.8083037806253 205.24596655740925 10.808235863554785 75.59476518694964 -208.49389309525344 -11.28605884348599
63 3485.674733400345 87031780.63202642 -13.701348279942218 -10.202003529875386 -48.89694818341672 15.802860794889341 23.44752313419904 -1.539734492065179 -29.528670561394108 -224.96999548450697 -111.16903699324615
64 3533.7199985980988 87119721.85263774 -6.482786680774678 -3.416243176447414 -53.40586363799519 -17.691968680022356 16.12841477984784 -2.7635861655209055 -31.304033360860842 -225.63906102729396 -112.06944367616018
65 3581.6956577301025 87525530.72496873 -9.428227757304823 -8.75668192782717 -40.916317592645385 0.8102691774779132 20.168586523219787 -2.484139869734463 -29.045009320420093 -225.2271380607474 -109.42030278749752
66 3630.2764308452606 88615810.75809482 -20.088823589539935 -23.346816108889 -28.281969318360453 56.64556377066456 36.84784960173975 -4.739403962231449 -12.64291180718385 -225.55093342571422 -101.54109150453172
67 3677.781290769577 88733260.38039166 -18.32523746639744 -5.49328366608912 -23.99338086904428 52.258596959487775 62.131754207206406 -1.6859382416407698 -12.708142549359309 -223.47041953451463 -96.11857048636489
68 3728.129613161087 87634009.8151308 -15.230698910309766 -15.155715289982496 -36.23232769356574 41.628301273222114 29.990756878883666 -2.4872029101526323 -25.43399375874486 -225.0180383826759 -107.20403819107895
69 3775.097620010376 89589288.32164899 -17.92300711469212 -26.674959208095157 -5.069283763141414 84.82385143704714 98.24124271578228 -6.4728988686241 -4.108744714783484 -226.73681207410544 -104.78006044308955
70 3826.0709669589996 87063759.56055214 -4.658354450747643 -1.9677609132795455 -54.78052502584255 -18.126469882346832 14.041868097519078 -0.45475537657375753 -35.837436909427595 -224.57238782534262 -112.57767885023662
71 3873.4147522449493 88179664.33275588 -7.1865011266763315 -18.831359165309173 -31.088446551896375 24.46245218188775 -1.0846762703303052 0.43684778357624054 -29.258315579970372 -223.77704574901333 -109.11979949435562
72 3917.758002758026 87653543.21715215 -4.681154361116052 -3.555880626121276 -42.11295968988486 20.567998403918985 22.819957838145875 1.8435512680350143 -34.703306024156404 -223.11028118431886 -109.58401434171839
73 3967.129210948944 87785758.27129623 -11.24802283555535 -12.982334982323767 -37.62986792089948 21.173299389159165 23.875970090584495 -1.2050560461684086 -27.85289465719194 -224.34363612932998 -106.8538412788522
74 4015.4011301994324 88654895.76624548 -2.6515808533241447 -21.453298550578698 -22.79182416570339 104.74911086764087 104.49330055909884 10.745028924220776 -33.42120253581106 -218.84368311257924 -110.5461142680254
75 4059.4590921401978 91939225.84597561 -3.466213610465962 -1.3458319598669628 -23.43985767850404 25.30683993616376 134.47414079957855 -10.682545646133576 23.116834493997544 -225.76420599651607 -75.3121748588984
76 4108.779084444046 87951133.08125174 -18.86457949230857 -21.237096584530637 -28.246739664234553 62.6326905882853 61.11429684535978 5.533595981236942 -20.198578929131656 -221.14806487881862 -108.20756826373332
77 4156.025733232498 90565540.8234023 -16.762589341854135 -33.855867952324026 2.480147437326764 114.81713125604134 127.14901489938791 -0.34028699458110623 11.508580642971594 -223.1799926898554 -99.85372860652183
78 4200.959138870239 87692218.49043122 -17.050080144150222 -22.222166474147937 -35.37342291235349 14.277255548961698 23.847559579031902 -1.1948553697343982 -21.977545728883683 -224.6807591448283 -110.18735932579574
79 4247.592174053192 87110381.03910975 -11.376671639255717 -9.074971629599421 -49.83904516797069 3.0563888092669345 20.288695376532587 -2.231273948332273 -29.961612019582276 -225.27569210611335 -110.80629319405614
80 4295.603790044785 88920151.44281861 -38.11516314210978 -16.785435622187705 -29.677412817905555 18.047551712568307 176.34028547993745 -30.238308052109005 47.57570532667626 -238.40860782961545 -103.94527778774773
81 4343.280421972275 87077230.7924632 -10.823242251881167 -6.651340391620035 -52.555294169243865 -37.31304937250911 13.53308380814646 -4.632876350416609 -26.470349923775814 -226.52730323578362 -111.81068357286466
82 4391.165316820145 90159800.38061006 -31.162166721406116 -2.753819544445996 -15.789433653011322 21.180941292906528 86.79503665170155 3.0603784480261425 7.848962485790423 -219.60054358640798 -81.20502131907267
83 4431.564495801926 97653577.96530922 -113.90466348675943 -106.07440897655887 127.4975406384501 284.1633399490691 352.0550258983268 -0.085733193358692 129.6813756838792 -218.50926959173069 -55.814985714920624
84 4478.582638502121 87585433.12800592 -27.680495670747256 -19.89879373249693 -33.602481792472865 55.84040313589716 80.08521010749394 6.649741904283474 -14.526910639398352 -220.7666278674261 -109.69043352370062
85 4525.833549976349 87261912.18861957 -4.5373359955349475 -3.4911022697430316 -54.55507491573873 -19.13901665236719 15.239835939986799 -3.755248090442535 -30.266665388785214 -226.11131382139303 -111.66835943817381
86 4573.631456375122 90091132.89145783 -3.2188094320080864 -1.2513390569893081 -29.10388103533785 57.78285791554066 156.10705112809217 10.829527485773156 3.829990946543603 -218.81973000241345 -111.00762883341531
87 4619.400648593903 91478201.29460336 -8.53739166258291 -7.504684872325299 -0.06681778495948265 115.53819954720228 122.17912656526165 27.913466613733704 -0.20017110582335818 -208.1278292442974 -89.30856386613164
88 4665.835721492767 91138015.83664599 -12.711646338512878 -21.182506005882267 -7.3129526680488866 86.75516626308794 115.08527782968649 -1.5817845705975628 3.9830122309874696 -222.0925923304539 -83.35089975749685
89 4714.0881378650665 91241135.73559834 -7.400968560689936 -5.591091909712977 -24.195884779564963 23.835161039492952 99.310509338222 0.47958388522852147 0.8365669977868038 -220.52312893307186 -77.87899373675128
90 4762.516356229782 87128524.8039843 -3.726806984056049 -0.7052795648286203 -55.66332317584988 -19.12787381927246 15.306289671654623 -1.2753525048788674 -32.9695334344006 -224.86452195472833 -111.65306954253924
91 4807.960710763931 87453143.11728747 -45.285820013746516 -21.77263983440257 -26.815617173163325 62.58850259344943 151.72618306782428 -12.268771953017847 24.765141186153983 -229.96971140049624 -108.6345626462321
92 4856.100627422333 87178111.61808708 -7.05061703289279 -4.628923588614686 -52.49241709332272 2.0567556793045654 18.93564276917845 0.009371131447323933 -33.46024167900225 -224.13183448292392 -110.71353212451311
93 4902.566424608231 87991205.96800825 -11.072191809360879 -4.97447180996039 -35.99010929865907 36.14215691672108 73.64073104334985 11.556397486705919 -22.967609530189918 -218.51177621323836 -111.15066216690843
94 4948.030624389648 89226998.14221404 -31.780372372833043 -33.1950157102019 -11.231221184400646 83.0065661801343 113.43632951000295 1.747494312632341 -0.3724854861022777 -221.9034324195232 -97.43431176925247
95 4991.70840716362 90143241.77081268 -51.35778334111912 -6.9634801596428 -9.868535986871208 74.91178783592696 300.47023513049976 -0.2929298832446534 72.38703208233619 -223.37902371566736 -101.68890038144252
96 5040.085747003555 87840161.20024516 -4.452027431687201 -12.95092093645679 -35.914890699150014 15.334999338209123 20.757506166202024 -0.5663951378902539 -33.333017575612644 -224.4199279729525 -110.79965046742194
97 5085.468090057373 87855571.54002519 -24.01234506643535 -0.14975241065049882 -31.475180668618776 16.194270077219056 58.40344660100999 -8.910093928703759 -6.727217991131852 -227.50730300287233 -100.57110777589054
98 5132.8174521923065 88111581.26588216 -11.019652515052304 -20.16243285753761 -31.567026759116025 4.478757622458588 -2.312660105731095 -4.429504405896012 -21.798510866062998 -226.24631772477414 -109.87685601628954
99 5179.605885982513 87937096.55634268 -7.27968678355602 -0.10241452462404155 -45.908400013632935 -9.821242159344877 54.10546124623327 -8.323288626646502 -9.790649882419302 -228.57097002977815 -113.63111363592094
100 5223.2914962768555 87360842.50373702 -11.18727421515887 -3.5107658021830765 -43.55437181964348 -20.403620297999844 17.267184288522625 -2.8096590614105708 -25.475470471894653 -225.55525490324197 -110.66071830227793
101 5270.264469623566 87789618.07663041 -13.306634563454221 -12.882627479660531 -37.697726757298085 21.488157090349475 27.170694982559322 -4.619462057714543 -21.65848584301949 -226.09916936301164 -107.55221209529833
102 5317.372354507446 87647740.51781872 -29.024631192358306 -23.902885187703436 -24.260554441233722 33.21403399789651 36.04741428417322 -8.448913596952707 -10.304959489100781 -228.4383805581246 -112.02126099270134
103 5363.064253330231 87658143.92065687 -7.195568483753375 -1.8148433861220314 -50.10282148510511 15.721280512899526 69.82739493304662 5.8702570851118026 -21.646970422555853 -221.57845942271433 -113.85336167162302
104 5409.337853193283 88657157.97321771 -10.597967922769717 -5.084060757347084 -31.375168404554444 17.46879563492289 56.65816194381002 -6.169964170946741 -13.956878558352685 -226.9121293900584 -107.83205095479616
105 5452.737359285355 87065613.62749788 -16.33525856922593 -8.779825349423092 -38.86096645630165 21.625828960838373 24.390663140010734 1.381532158557718 -30.917214286102706 -223.40548499085872 -110.04851651852732
106 5497.63676905632 87826790.3521151 -17.129474987026725 -20.25677963396194 -30.688447325880567 17.52058693670827 28.96470586061404 -8.30065375848443 -16.609158087615015 -228.36833059120454 -112.00992835118933
107 5544.819128513336 87957642.51361738 -10.47099844016693 -19.378661911060984 -32.00071083211631 16.443338573976384 24.471343270234836 -4.187907952940634 -23.075148312889667 -226.25469557153127 -111.03284848527551
108 5588.81307220459 88534105.84357151 -9.813955952199485 -7.755525774783129 -38.473375056774216 9.827174099187722 30.96881988154173 -9.835699333022887 -10.689201152590499 -228.35747846521525 -104.37914010535178
109 5636.474765300751 95235110.25021748 -16.77026947894992 -45.01181258155309 66.09293165699995 154.2137202915987 95.12777558849291 38.40836512110059 6.530864280606409 -200.83717465999217 -68.779279390324
110 5681.300106048584 87809927.25506032 -20.391003456577927 -17.525079972517926 -38.83932598656158 12.223872539379784 59.75621665252105 -22.42328621607095 -1.103376770878583 -235.14594436262735 -109.80013450560057
111 5736.45610499382 200662430.93011868 -300.2199120676185 -340.9022901947003 2349.418573267333 750.6304218213394 798.2299346997243 427.5105799292488 1257.9179156154719 41.21684242926335 413.06181696012277
112 5783.591513156891 87769698.8014881 -13.766259333975873 -18.489350317761243 -33.110663325597315 28.42644712576272 29.212583741574804 -7.867713277831683 -21.66945295505178 -228.20997544121792 -112.21706201846905
113 5828.255318880081 89981627.256024 -1.263117550533222 -15.449291342846545 -29.805822604787387 5.675009145409774 59.35776035076273 -10.549035261564711 3.088275229492865 -228.73847300947222 -104.94592768777432
114 5874.940418958664 87438021.79266456 -23.886543113383837 -19.92947679261281 -30.865364897488504 9.347089752758627 52.74865333031589 -8.92517598505691 -12.70862673466587 -228.6725190383899 -111.9628209178502
115 5920.630233049393 88136947.7289272 -11.117950438008844 -9.860007178602185 -38.17780398416761 12.046093692830922 24.23986126972816 -4.606975907417109 -21.34661207265964 -225.7441967280098 -103.74720309701667
116 5964.915102481842 87367498.8494288 -0.38954189931028615 -5.882742694616532 -47.355228831301446 -21.78470534453561 9.339240308921593 4.6007395434265845 -41.56681068528536 -222.15921581142715 -113.7170235753901
117 6013.63148188591 91755616.02181965 -9.010575457996914 -1.717788811061363 5.65012213892593 90.18541667543741 66.2410330840823 -15.214051085804783 -11.29855097489451 -228.32556490852164 -78.00191529272143
118 6058.900900363922 97745437.93789987 -10.138900795309894 -7.167738951748319 99.3209951984179 149.46626768086662 44.0943063478968 37.33297243911602 -8.377209138565433 -197.01685211003775 -26.582716851305236
119 6107.0514307022095 90667669.98285848 -9.991666825014608 -40.27526994682635 -4.137240475480539 97.399859934776 30.99727328624402 11.805628754137615 -29.22150013178083 -216.4477791914925 -92.46150005633007
120 6152.486913919449 87207542.70903829 -23.008686105517697 -17.242122461425694 -38.43241276418083 -5.665831419236952 27.356679093866735 -8.159718875592034 -13.042612311164305 -228.63671716009543 -115.19373304528762
121 6197.813547849655 90353701.7959086 -38.35083561722428 -42.715775995706736 21.407233990784327 155.99782969112107 86.71313441764086 0.3098116701929712 0.14400112418019262 -221.84122914668615 -90.08305369153442
122 6244.507067203522 87746012.9851601 -14.041976657487924 -17.695675217537076 -33.64086740339318 16.184580668701805 26.32567791440758 -6.699778416937875 -22.37852895136757 -227.53038264540515 -111.3601566579809
123 6291.011205434799 88753084.03213552 -20.873109567395332 -7.927279552055114 -33.60758830154772 -15.070654930118309 61.35196601635211 -21.75546691437131 10.139586499077097 -234.52554771940981 -107.16737388651205
124 6335.043820142746 89077837.50873615 -2.4124702220617706 -6.816845335636481 -42.57921548274531 -0.5051854074491047 57.10772835389754 -20.628478047672104 -2.370132590026799 -233.71680636583363 -104.55776553725076
125 6382.835150241852 90999039.76201558 -27.94532164187857 -22.10831387366626 20.814364370481822 108.81402570059204 69.82623080071022 -6.098289654357757 -11.3033350549062 -224.2337865313288 -82.72949034630784
126 6428.711820840836 87510619.34385271 -1.8836239585158125 -4.780816289204392 -48.41684142480124 -12.015591026376825 40.171057723110806 -12.941736849140739 -28.958500773067044 -230.55584669330818 -110.82660208912085
127 6485.213470220566 200202062.60368967 -274.4870599830305 -324.97287818071385 3363.01727615271 745.1026389845031 732.4666031848241 415.0722358430812 1190.5078964764164 37.14182610499324 433.19435056506245
128 6532.61054110527 87751262.92932262 -0.14700413661451073 -4.822652496080487 -45.06136613647078 -10.196152799825043 37.91819198743231 -9.22661048946668 -32.33958002791729 -228.45653472279128 -108.52617446630842
129 6577.448613405228 87300113.7890703 -12.558124350368798 -6.821267856480949 -44.015913661438375 -1.3653080347692992 17.66137085811854 -3.140188206580774 -31.936690312980204 -225.51000947506395 -108.87188995377142
130 6626.334740400314 87964900.88795556 -0.9893222149137095 -8.15337150251417 -44.27497166506789 -2.72447871842531 11.881524844103982 -6.22797032255437 -36.289028815088614 -226.8750769186738 -107.41577551439588
131 6671.717116832733 89100869.48054606 -2.177807642776214 -11.240237670973334 -39.24109096571411 31.331435974010393 53.15990554891353 -9.041877298277996 -17.844797405194697 -227.6428559177698 -101.16654771639764
132 6716.736865758896 87884576.47324233 -14.870083946999685 -7.011546670019097 -34.065166378867346 33.925091302184725 53.89856371737974 -14.751769251727126 -20.747504449087558 -230.69294014538877 -103.4049694732675
133 6784.188140869141 205449592.81107116 -148.8151393206105 -105.62997362294733 2328.164094025872 637.4603694710621 565.0865551273282 363.88340188594873 969.7852443409108 26.128583782698456 570.2744918602853
134 6831.225217103958 88062070.68860558 -0.37997128283666015 -7.558270418758495 -43.57688454615467 5.131006961811821 12.911897534281815 -4.692181092974067 -38.148571225753244 -225.8927522442978 -105.2104756076734
135 6875.395559310913 87627767.13707335 -15.275114334867041 -9.014545855919032 -46.18287429213178 -9.65015028539382 80.01821254067958 -17.68759009050501 -5.829560449128621 -233.1078338339497 -113.21355062693561
136 6936.469715356827 87356282.34190896 -17.557880045749336 -7.487261175136998 -51.431258757784946 -4.7965778402668775 54.39711468958793 -14.52191463160699 -11.463959164063567 -231.48332269552242 -112.26034589704068
137 6985.737136363983 112600395.88741718 -142.40740712100813 -161.2391756221437 302.66060943333554 354.1581151927242 455.0956956717865 21.407790897639302 248.91967953972244 -196.71546984089923 52.15299946733717
138 7030.121653318405 89285032.74505292 -23.954303597637555 -27.45926025783716 -4.504597911862653 66.96938157408816 40.435630825252574 5.282710693121601 -9.44854453368987 -220.92383003720676 -104.721023625555
139 7096.681990146637 211571757.82814682 -153.42259736894113 -90.61874024695709 2960.969093107639 651.5197907422145 698.9105730380664 418.1345792552313 1130.0838692986406 53.273891417758136 574.9457415084378
140 7145.834553480148 89749113.7035543 -27.155856447326705 -57.44969718843878 13.127231579229495 157.95990778654263 47.75411223092776 1.3603674235885705 -24.282447699267323 -222.33551557531928 -99.49718227535442
141 7194.451680898666 92397779.05601431 -21.58213936423686 -10.03029550857937 9.897834649164672 72.97795629736602 82.7886195212509 49.05849599212263 -0.7763483769990671 -196.97995588375602 -82.62324022926032
142 7269.514296770096 253258874.26348984 -119.36917913817511 -113.16780966501419 2805.5738036244206 673.3981540446795 968.1261081744495 869.2156349338618 2136.5488650687503 260.50087951139346 423.98423251369536
143 7314.52504324913 88942332.82668595 -4.621224323650036 -2.7360920830019517 -46.13444027793125 9.707021651851775 58.841998706164034 -14.131796177318051 -5.892820758679761 -230.63023121681618 -105.80822851487756
144 7358.419430017471 91377589.62426288 -28.66640784516141 -9.158820399944743 -5.4243698065551555 78.01555830718411 118.51159412743891 -1.53192469951955 12.716681077339672 -222.4327384652551 -87.04063861189371
145 7429.017014026642 224503774.71397272 -50.85643657922127 -44.2852186412979 1587.9430175512723 565.6127402175953 648.1218853157625 542.4577577704551 1336.6613041213188 113.64177998211869 563.5005112483266
146 7476.577786207199 89580399.63159524 -11.655866406636193 -17.02734074978236 -33.3922904050558 15.684627062707282 124.4905693005309 -32.68060010360011 28.97417425974436 -239.4927758502119 -103.12125535241745
147 7567.0846490859985 185785840.51610497 -53.276553285761565 -191.54118504059988 3033.5705942418067 528.7801149055413 651.4527795519574 443.1265940840037 1195.529475927018 27.976775207410697 192.96355432826408
148 7611.902265071869 90836559.17659913 -56.498682554901215 -35.79546349809688 24.845313680253025 123.99961964545446 51.22690429393567 12.24428206426137 -3.7325459917938133 -214.92596978402025 -79.98892369847533
149 7683.865910291672 194259031.25989306 -250.37111974650898 -311.78526453668655 1182.8705817766618 653.3991145054769 766.201933558842 404.95847299531033 1188.6523336567345 25.001396115172042 362.82585920444444
150 7733.151140928268 96643819.41397807 -47.62712015275049 -28.532745651599917 127.94699501526344 211.2225185464909 64.32417011915169 28.634583189196064 3.189923149383276 -201.9086738822864 -32.51480540092848
151 7780.5156672000885 93006096.12050983 -46.10440162172705 -6.2495274791930555 31.954445452195895 76.14365102149185 61.91678068696245 3.5986467458741913 25.059308557477834 -217.24641714843858 -61.1884164125845
152 7825.508768558502 90529176.9548629 -14.661841688028458 -9.706820355147762 -29.206681079971148 48.041360452093166 90.26090060600085 -16.497414358604146 3.6820470167461963 -230.09047816091083 -89.30370053436945
153 7869.684805631638 88363020.16418758 -7.539348779947657 -1.7013152945110415 -46.5925937974743 2.0495900393552446 83.54653878487902 -22.1283753013945 -4.11223929019701 -234.8119445479548 -108.02662561879009
154 7925.284637451172 186983607.91945526 -88.29269561882512 -145.47832164999335 931.6545404407295 417.42296368529685 640.1313138106607 451.6839947882321 1190.6755899491486 35.80382891213492 244.96281211178405
155 7969.876523017883 90598879.23399864 -18.342662395760225 -4.4131196251080524 -30.85960597012791 37.07737857887811 152.69522025413963 -12.332516937946536 39.18782504796616 -229.60764451537534 -104.47760363415347
156 8016.7187259197235 104851184.49773237 -27.645616517201436 -39.53054722710927 160.1313171131246 217.34778775399784 61.784512886949436 117.9808132965469 32.08028362511516 -154.40256117324765 0.4130443109102657
157 8073.868443012238 200001066.87946004 -154.00367866036322 -171.68851456826263 1053.7796558425205 571.614339267152 575.7223697607463 550.1048803445569 1131.961641221171 99.79070593809502 393.0294267125198
158 8125.930283069611 147099859.5248246 -208.178113956281 -190.6641427916339 779.2353509537122 515.0302238945322 693.8134827688272 263.94788118710994 850.9463885863036 -72.2772961991069 97.03694514691597
159 8170.269664049149 90413019.16373383 -13.582182404372064 -2.936340408131795 -28.41584070779615 67.67582318665544 214.70667399956835 -14.67660305962579 23.607453708735534 -230.20437878502605 -98.989387551128
160 8217.856667041779 87845869.75148116 -1.4774526703785096 -8.8518745658508 -43.266162467747016 10.735998221273263 40.92869896373832 -7.244461812744362 -36.124714176963664 -227.51268151998732 -108.7672798097887
161 8260.809031009674 90253937.41470009 -16.21336828373636 -5.071778066699551 -35.2922407228555 3.29636245352053 100.93948501032497 -26.671938181486553 33.70129602699194 -235.9003696043452 -97.25424163605675
162 8323.562597036362 188045953.6932713 -103.80478141948443 -84.68661796847672 1467.7363374773545 378.8304579060079 542.6418629234978 509.4477290231615 1228.539335894189 65.49325172956003 255.7029491211723
163 8369.164683818817 87701416.12827623 -1.034867325175794 -3.911067555782524 -50.3269562849996 26.128265707653053 46.07303829444857 -8.897066813599622 -34.14560703546488 -228.19114232455973 -107.55512947285195
164 8413.472383499146 89107762.16605227 -39.99992336812833 -4.106921577075912 -30.14811476171718 49.15352799644175 182.4233506713253 -22.035938340656287 44.26882340318082 -233.9405203084217 -100.4426434513307
165 8460.481358528137 87965644.57852584 -1.5856165407239775 -9.085876103400789 -42.82229726460964 10.326592400392087 38.204263978326864 -5.125432719078674 -38.49210775252709 -226.3913782297003 -108.1754928645579
166 8503.639142513275 89173874.29862534 -7.721379302812409 -2.618269278200566 -34.92237918329414 -2.177864281015374 79.52520547204865 -14.13701798461068 7.562020627511288 -230.6014242581245 -105.71973415296361
167 8565.856853723526 163151007.7425168 -30.798197358671786 -79.83485560047839 782.9314149096773 370.2706429567913 545.7547763597865 334.9089209694298 859.7084618913652 -29.34888332711961 173.32690071890408
168 8628.978932619095 175407369.55590186 -192.18456645527692 -252.55690691279221 1007.8445574884304 550.1914960938133 598.5897919011289 244.316438320487 797.987394168206 -51.08485289644767 377.2132547656039
169 8674.56961274147 89108033.88326457 -20.94508568610697 -1.7946410906404635 -38.89187493873588 8.614882211184394 67.14951353296566 -17.17281916860219 14.305411253154944 -231.43864007829575 -99.26668113591722
