1 50.85239028930664 87891308.01120046 -5.585075750637328 -7.897550071170281 -47.70081063493835 -28.736491893926818 -12.081235922193859 -0.1864081073883881 -28.230617193663477 -223.69038556788576 -105.7817792630251
2 130.20955610275269 211501994.7832495 -225.95673831338456 -202.22921387288926 2091.306506018828 623.1231807896739 889.359373842521 681.1557642359196 1761.7739214206113 147.47555336993207 228.9221764005964
3 205.12053894996643 217008636.02845293 -102.07946976169407 -156.6048437582174 2240.1650446749627 591.674562508473 662.9600915576175 588.7032151741137 1383.2574373137325 119.84928523587837 403.80106122807763
4 259.9994378089905 187005241.22740638 -211.29800977377366 -246.18417758371623 1173.4155872304218 540.9414392592695 751.4098827133876 411.7783125012543 1199.602992533409 20.81863218420756 290.8170095274096
5 318.5688030719757 171594049.6243692 -137.35475801020561 -197.63038808793831 1072.5826378201157 452.8446299463941 631.1927080144234 405.34684703031087 1125.959563217905 2.1677901017262684 141.12446389429476
6 374.73862409591675 167186646.50790372 -121.92532095770966 -125.2040460081038 1519.2057269593192 516.8020858914218 414.4009897161505 198.12654817555585 607.2387029007207 -72.46690957653811 390.8498324957891
7 432.09869408607483 190273664.34159812 -278.8631510288607 -286.5459110642461 1474.0380276549308 644.0823221643557 733.1160291371409 386.2221534676006 1132.7103774359541 17.81387287705411 384.7153032465484
8 488.63318848609924 202273273.34488449 -163.20444489729135 -236.81152432244258 2070.49343521353 627.5758580313528 703.4748883070508 443.63585881274525 1242.4353126426633 48.27682418781637 404.56458544546194
9 557.0736825466156 237327134.14643794 -299.2228064732672 -347.14100717245026 2507.520849674278 817.6787816242104 894.8760491670814 669.0145881558606 1753.5632702027483 170.7171366219443 502.27373004048127
10 600.9388108253479 125195814.97164786 -167.9233637384122 -213.40674783878382 394.1643883178086 454.97677054936395 642.2356601286848 124.13003119655218 552.638811868005 -149.03456453332336 16.174542177919307
11 664.828946352005 220705235.5071301 -287.0532700190889 -296.78801428978625 2587.2494877705362 765.0949498695036 861.6550731551648 589.1398161300299 1581.7813703890747 124.10811120021981 442.4232602348434
12 734.7524356842041 185938953.89929387 -87.16128727207052 -184.78524682003567 1816.3145962401195 461.60755362152236 448.44614682656345 343.36818369658147 904.1385456295741 -4.14988555253484 371.86952949421345
13 785.3340294361115 209443623.17072824 -174.88831269628506 -120.90125918775801 5908.368280703069 705.0765702432265 769.451654602941 459.49460694487095 1244.6897939226308 65.21941410884097 490.40668973642425
14 853.4603743553162 245364795.0710587 -227.6289307914723 -233.6612424069994 2579.9474359951796 717.242292132933 928.8759498972811 766.7650199391744 1949.2811573721742 215.02126236806214 472.2571912138594
15 920.6291816234589 197289959.63027346 -143.23499430797776 -44.585046201500774 1982.053276980809 551.4186224497746 835.7738400171069 592.8184854360436 1522.0587613456037 103.57798867556596 226.08387224009903
16 980.9250631332397 211477328.25697023 -120.97468999241266 -177.8036376272329 2455.7481671306155 531.3343746458371 581.7150609708996 536.2114602338374 1275.5989691354018 97.4026494210666 436.7657050203037
17 1043.448980808258 184950178.40875682 -22.90408003863548 -61.16950125505985 1029.1782744297825 435.6327419650295 689.8314009398123 439.0356791624663 1175.7611882625308 28.524542091787453 235.64786662121583
18 1100.4568514823914 167136440.76896796 -92.04273042627581 -79.63022695296063 1050.749533253077 449.09764391165993 509.2504855418745 363.224553438832 783.0495154485059 -6.399402095096093 260.1172052789077
19 1157.5473372936249 187733485.75786304 -56.45882484230854 -136.2196432361936 1825.6977862840902 498.7087036109402 624.1323963008691 445.5176857950538 1143.7331257926544 34.75801658855005 265.6845898063184
20 1227.949598312378 183618244.6174467 -78.46024537746537 -142.66711834293216 1334.0739750755952 431.562753715617 546.9387900009662 399.3521381733434 1081.3575447645164 11.997758427461804 265.82959466744853
21 1279.7932007312775 172238163.77610236 -140.92155837262413 -222.00264401036216 1754.5889875541336 534.0841614071603 632.7059127055944 247.35665021550437 809.4536052611954 -56.26174562801236 331.1027407233298
22 1334.7038922309875 182654145.89627853 -94.6760421461815 -48.36323641405626 8030.622146919238 666.1109994930326 687.3007949021927 285.24290499112124 868.9289438515284 -25.379006839866577 448.17656746153125
23 1401.3300004005432 205683536.96669158 -273.09997890325633 -303.9471920117938 2986.325477672234 713.5715561264367 837.808783715239 583.5477786328327 1571.002132014136 105.2336451133441 286.939794076266
24 1464.096863746643 184360794.51941878 -222.81684504420645 -250.8044884367884 1331.4064000603976 524.1897102324592 676.2771192006275 493.8105756919133 1338.6566993207164 49.927560524727596 180.70233458402242
25 1537.239973783493 204965816.1255198 -124.36526026116975 -233.6526497454473 3164.7994388208595 599.6310675075812 608.4905258925112 484.73274094673263 1239.3403565806418 66.59059323204679 384.620762911405
26 1601.5750546455383 212150434.2640927 -250.01252986505608 -285.559000038972 1651.5204352270018 649.3661914409739 723.351945285272 522.4439943172396 1401.4286571214855 90.28781645330753 434.64457397234855
27 1653.9954047203064 166216836.09415248 -136.0225104901142 -120.40337776818514 830.5642489168654 445.0597593442386 583.4099412732962 202.96275113666854 669.1106679481961 -74.95139864809562 362.8435142876617
28 1722.4108595848083 172650744.49648786 -197.06881923812577 -181.523623801538 923.6810691232756 532.7522362096205 614.4567794053365 341.1679783111201 997.7383703137816 -16.571729266649186 266.5422285288711
29 1773.1317656040192 169120906.5535086 -178.43347252502235 -163.0449579355255 1315.6150485437022 555.1928062009458 795.0449615361562 396.45569155727105 1148.3125863847927 -3.3217493092933523 130.42048939212725
30 1812.306521654129 93794747.55660787 -89.25339746670443 -78.74716974765508 72.94328440551541 226.4340583497749 232.1473507359836 37.271947616749 80.07204358705474 -202.39676512284444 -78.42523530872597
31 1856.156299829483 88677987.36622742 -46.2892667327396 -36.1901197182852 -19.730745201048705 71.796534583476 118.65565276486187 -7.295095374866378 14.48135747376341 -226.31966791791746 -96.96141266516713
32 1903.3937740325928 87974527.01914832 -10.347441897868528 -11.238489150275765 -44.868772956890595 -3.4370665966564573 19.288589406409656 -1.189286275340237 -24.572348763601383 -224.04507230562655 -104.08825691512953
33 1948.3125908374786 87700334.62658222 -13.505896214963856 -12.799292923610182 -44.91125266028903 8.930841684531671 49.96417429713773 -4.028655432338155 -19.188658969883647 -225.78260770516226 -107.50406769176999
34 1992.1480128765106 88226654.47404538 -31.629211567828023 -39.6674930161261 -6.966700647468713 80.0481600079427 39.026958812715876 -0.5737980589667586 -17.2032165325939 -223.65225567547844 -103.30048883725766
35 2036.5446763038635 87799430.74534047 -8.041467909149816 -8.480906467244058 -48.12183436116139 7.168545190336346 46.776619562244015 -2.112184366009501 -24.637572098460623 -224.77585277680373 -106.54934039052125
36 2079.8019213676453 93172071.02059597 -20.851833524425885 -9.042652965970063 48.27573401121066 153.25648911363106 98.45199092112782 71.54683435513232 -4.835277089767601 -185.00265926960122 -74.20230216553546
37 2125.0082972049713 88458500.99086387 -2.9361333150246605 -14.765755423497612 -24.640161119958996 46.606736956879146 21.482757259274887 11.925779205100866 -41.17012400166158 -217.50443068744505 -103.60640214145582
38 2170.751662492752 87739848.70312989 -7.656580993159826 -8.934589662271405 -47.81993385795984 -4.661766018736067 19.558656757719685 -1.983940066352659 -25.127392520930925 -224.80267291563456 -107.60447555377715
39 2215.927628517151 87796785.96352464 -9.657092798803626 -10.699138967884748 -46.188050353886396 -3.823139718550884 20.8969627798357 -2.2738850552099734 -22.332702354053595 -224.94136712046634 -107.42382645845913
40 2261.8784217834473 88812521.7589719 -39.34178295723843 -33.41773882426361 -1.4347897869577366 102.64951876210802 115.71522292573013 4.536864154594014 -4.5639258889260645 -220.35160438512054 -95.8006433978278
41 2308.0657641887665 86892858.9487212 -32.6428304355471 -20.531949145248078 -37.88600349731423 25.946030390371348 104.345763682214 -9.785459930702473 -4.0191558124885205 -229.3096127609228 -114.09647094143082
42 2351.720631122589 86698042.57504089 -34.60410617069025 -27.00533960988934 -34.804267076665404 -3.7518744121694 26.433382026076387 -8.404888256496633 -11.356188718641931 -228.48964947894535 -112.79371990123622
43 2396.8730952739716 86602539.91393958 -27.73886325084385 -22.0053612658976 -39.24728884032418 -5.720709349176403 22.185311427939325 -6.491732696667896 -20.524792849023527 -227.65553215511198 -113.46236713175045
44 2442.8258543014526 90138977.75372341 -5.814208279565959 -7.641791214470155 -27.94649157987064 1.7141021939687278 17.642572140010728 9.63810215133168 -22.817637097269028 -216.81736396811095 -85.99644648552237
45 2488.1912903785706 86830577.15772142 -25.824113673262197 -17.87855054177229 -40.73487017765943 24.90643435898036 56.43572221362714 -6.470864359320785 -16.955028519427287 -227.7130195813819 -114.11455900533008
46 2533.9818093776703 90399917.95739369 -35.21821693934406 -40.03648150641505 -4.266902087369843 77.38006451720145 83.48041712458773 11.037593789035839 -1.641435928695671 -216.30476218861423 -87.84467752687152
47 2576.879373550415 92171318.96041207 -33.46028701645834 -8.394374404595082 25.482360197191642 141.4939610388053 191.30620954159133 33.99765098257956 40.667932544167115 -205.65475953603203 -93.98047518648315
48 2618.7545714378357 87646602.42568375 -40.035344393633665 -21.11225379866404 -33.611235364589675 27.82640872544997 138.6577813643159 -19.07159360949936 16.97255319865951 -233.62619837562903 -111.09692733563662
49 2665.588465452194 86984641.7921838 -4.8455457101006125 -5.864890850029219 -49.29141395787685 -3.8042230825451995 -9.50075579780173 -1.3944032119603662 -38.5707954227729 -225.16468961163275 -113.642022022469
50 2710.6396448612213 86883615.31499349 -16.19899129091346 -8.517367524175018 -47.06485235572852 -22.33338025744743 17.62601510691474 -7.613515205017734 -25.010509074130255 -228.24155170375553 -113.9224493076245
51 2754.3572561740875 86614841.63818467 -19.916996338825683 -15.901516500953578 -43.88589912590252 -8.694198491315497 19.241267722289503 -7.433768343596796 -26.217476769699147 -228.25478474423744 -114.90637761102897
52 2800.6437454223633 88522015.30213884 -15.583759708240006 -16.208987651745918 -38.639734727654776 39.05924353269708 101.7462162348013 -5.90024040610183 -9.052458822487836 -226.1926495990934 -102.41632315793845
53 2845.456257581711 86635033.41065936 -12.179810488635237 -1.1948161077907873 -55.12773785557639 -26.563257730801325 14.55074536408873 -5.52345795749352 -29.881787945134647 -226.98741412992354 -111.88193522115131
54 2891.6776282787323 87699854.39629443 -5.440629597017459 -6.637605878710101 -50.90979272255414 -30.005880705049613 -10.18177601375038 -4.598453083774928 -25.446468863673715 -226.10816340354125 -108.01506530580883
55 2938.9374010562897 86709393.27752385 -19.770406264628175 -4.550956332396753 -52.10996399792949 -5.858906476299481 24.491835891301434 -8.874507778438954 -18.85645590785498 -228.62468799423266 -111.67194145311856
56 2982.582087993622 86781822.35150193 -17.597962758823364 -16.941684294282343 -42.11634251702231 -7.4108293897375574 16.294863690742428 -3.049030413240473 -30.96166759999852 -225.90635518248047 -112.89947316224999
57 3028.566474676132 87058466.86524342 -6.563209070142106 -5.836864650470603 -53.80892203892831 -6.447684197857562 -8.126729180341236 -1.9567750592545394 -32.97401025121604 -225.24329119492086 -111.88167981127901
58 3074.177497625351 87670939.03913349 -7.676339203708919 -9.50360270897131 -49.169591658525846 -17.29702197636839 -7.023212918352046 -4.7362315048175105 -23.73798898694264 -226.23872063916798 -108.57431397390815
59 3120.7854585647583 86676816.66595286 -17.202149592303037 -4.730035789838507 -53.82482196001461 -26.60858755012005 18.446036391742105 -9.406285250890619 -21.100150391272166 -228.87677402123416 -111.6872767832217
60 3167.304098367691 86602193.4101393 -30.252887108162085 -26.32566899679775 -37.69304632394388 6.562780758252018 25.065091152190018 -9.33160222049355 -18.23268663788309 -229.04386293002415 -113.61167527566846
61 3212.8476996421814 87517270.15659818 -7.387543645709094 -8.632650231774464 -49.99692531857274 -17.471327405629523 -7.4814026899909125 -4.332758143881222 -25.38381660845681 -226.16025658004799 -109.63178193985789
62 3256.9879496097565 86518895.32911201 -15.818490318005324 -6.155002789352506 -53.69150593689524 5.7409454896452345 21.142660152216358 -6.7586743815438695 -30.24949454001404 -227.70749453718264 -112.70317515627477
63 3301.213033914566 86568130.74315676 -16.136633432660645 -3.4933538989378814 -54.397623738981636 -26.582001324217806 16.826948728844716 -8.322694247942138 -24.691313427891373 -228.46125940974042 -112.86395007265446
64 3346.8948969841003 87543716.58342391 -8.675276796590751 -10.832405213079337 -48.80519726010927 3.0365242953678973 -4.3059278732810675 -3.2557978606648703 -27.55278657392813 -225.62801370041802 -109.32203819946835
65 3391.739998817444 87940050.27862528 -3.8251329961987075 -2.273320654186887 -51.78397907699583 14.312767600925241 94.00909883169865 -8.940114501958874 -19.55638119135341 -228.6250624047193 -111.22739665413678
66 3436.3638863563538 86394067.8722515 -8.735051961551955 -1.039348048545575 -56.51264081060273 4.722441914033688 16.213167255008972 -0.7399926252891191 -41.68052876069976 -224.81863864099057 -113.67530412659363
67 3481.658702135086 87274796.0028863 -25.063397207857086 -21.259882544706386 -38.8416838896601 12.954103867293732 52.52399344023636 -7.632288801574987 -14.227104028577457 -227.80999868586213 -109.66250722102745
68 3529.9507579803467 86755749.14590809 -5.829033143937062 -5.362143892542423 -50.335114914906114 19.829834793455067 19.177692019137442 -0.7282462766841036 -41.36036475893019 -224.90952056782805 -114.66477614425361
69 3574.4556407928467 86699223.45444344 -13.97164088375391 -10.65864807443517 -47.4375891852301 -10.55713076838186 17.25914832133163 -6.679857066197485 -30.26075968685427 -227.82071473825914 -114.21509356353846
70 3619.023312807083 86678232.7855955 -21.67962429787238 -17.66907413536969 -43.17679344538615 -8.261164765790944 20.78220523473597 -8.204080759509111 -22.928372276868288 -228.48664216253957 -113.09966187974919
71 3667.0562076568604 88402934.06736489 -14.500125315061684 -6.959974804130439 -42.106418061196344 30.60495217100508 128.60079337031164 -6.366242747703382 -2.0620016671679195 -226.24922519719144 -100.47370403772942
72 3713.812731742859 87143769.44355403 -11.146677314823336 -10.473230431601 -49.09302993422359 -35.21258716372554 12.041397390364864 -5.075174910843998 -28.42503664391313 -226.80679337605943 -112.37042156084317
73 3761.884984970093 86959932.64623876 -7.379447373664075 -10.365954970415094 -47.50294261881505 -3.1993003855579047 -8.97072310964208 -3.9227121531953912 -36.224571243021614 -226.37599477182368 -113.77080335160855
74 3809.294914960861 86749466.52921864 -18.17662529327631 -17.325567839902668 -42.80479182465727 11.39860961375193 21.375732784313858 -6.735530756886419 -29.581083735402274 -227.77261026854262 -113.65118475432519
75 3855.391936779022 86880745.05701903 -8.467737708767396 -9.10899248125559 -49.785866667666774 -23.963746938830212 -12.55962926328907 -4.535268034616138 -34.11430151278711 -226.74625482530485 -114.09988677740768
76 3901.4783923625946 87145062.94004987 -14.721539035855104 -17.295804914468526 -42.26750577768494 3.723612546488603 21.19205792278426 -4.596364962244877 -25.519740598037856 -226.73847505861602 -113.92432734424307
77 3946.2761981487274 88401878.11944899 -50.21718206927099 -37.15745145997776 -11.612287872164949 63.9143102759361 157.5305332425575 -7.834886824783894 39.97193027230469 -228.09124619945538 -111.65318373097602
78 3989.7784492969513 87263766.78512368 -38.74850025755141 -39.11724901862386 -26.059804163827152 23.942465525088267 58.37901914294518 -15.428079698462227 -3.015507962001948 -231.82476408037638 -111.21588247611311
79 4034.548763990402 86571612.26526314 -27.045696989720547 -21.821032823165474 -40.801213830798694 5.2680702098934304 25.40153931746084 -8.678129611332167 -19.77713290935401 -228.77471827699782 -114.149401707094
80 4080.1429064273834 87491314.80551057 -9.35327359169545 -17.336398761648695 -39.34417049902188 5.195410723716741 -5.289208422599367 -6.140063801443603 -28.842321008493684 -227.3205042708741 -112.04267780515045
81 4125.629999399185 87194403.85533714 -9.90043313787644 -12.28991949844476 -42.009522571524364 4.053915057879799 20.699879010983366 -7.483791862272369 -28.057329833993606 -227.9466510423241 -111.61735476235322
82 4170.388709306717 86593461.82530504 -12.046682319123988 -9.70377547045055 -48.97730153429017 -10.855852278043024 15.262654960420283 -3.799834426567429 -34.89320990721899 -226.4061639493966 -114.46725936031748
83 4218.071271657944 90609015.45311041 -1.670503187221847 -22.453120983782416 -21.894458734994394 17.591363780760965 52.319243169805375 -7.627805680724691 -4.771840751501429 -225.8864938543178 -91.0204899092351
84 4263.513796806335 87813638.40873319 -2.6494580286902867 -10.749133826388215 -41.85861752922848 10.812267940643338 -7.105846622997753 -0.5156550794051213 -35.34817765767082 -224.01267105510982 -107.07872233119406
85 4308.209767580032 86688599.66480476 -7.899536815834814 -6.07165799563141 -51.25439074123387 -12.377463514128706 14.213367427137488 -4.358918117102348 -36.842096640222906 -226.73923450002314 -114.63152633981076
86 4352.719683885574 86515647.44692746 -29.239367625196866 -22.92512301872639 -40.42383985083348 -6.785113107135196 23.73090811549992 -10.40442033815151 -17.339987993911848 -229.66082932829153 -114.3154062570697
87 4397.622791051865 86708297.34353857 -8.758947709410567 -11.48544087042189 -54.887443044966744 9.473738340490506 46.83723697175672 -16.665105848946325 -28.877551012881725 -232.92029628943493 -115.9257509761884
88 4442.229454994202 86502829.64432178 -16.447263490906106 -9.504541752603247 -48.644890281765875 -23.559422621777863 15.952339406312896 -11.153140818307577 -27.778578957192053 -230.15625891854103 -115.41362607562803
89 4486.445685625076 86657139.94793683 -9.268828701457087 -7.9503888892875105 -50.08561899583059 0.525532199928783 16.16481459822749 -0.5329028354636307 -37.19308687124567 -224.96446373771482 -116.08524392498651
90 4530.607843160629 86319440.00428165 -22.588495464781662 -19.4299796009171 -44.88035929431045 2.7913300449826934 20.758686904284495 -10.309964096886972 -27.07641772091705 -229.79176468453073 -115.92844549396153
91 4576.104960441589 86542387.00311743 -31.735703540967947 -19.566736260696306 -39.93692489633652 -18.840395147696427 23.951514073950083 -13.564037706247063 -12.646766461046127 -231.2990208399267 -115.1078149126264
92 4619.446979522705 86474348.38556506 -22.921570568985857 -16.773181177385244 -45.618582105658014 1.9401232867895217 25.239953311618535 -13.132574595410745 -19.356275143160588 -231.09130667912183 -115.1338274802319
93 4663.508922100067 86694807.2842293 -2.078552847763456 -5.745666677475171 -52.55647419590358 6.24328387030949 -9.708909241368076 -2.8646757557333444 -43.18736071496653 -226.15091254334112 -116.21058265577744
94 4710.890683412552 87317666.0203931 -2.77579202109046 -8.878853355071005 -45.56171041649875 1.8798999004776107 -8.628715538428931 -3.807231814717852 -35.571206658756466 -226.3750394990131 -114.12055822856871
95 4757.411127567291 87069844.11987728 -10.162918004616586 -11.530439693294605 -41.661095604684675 16.33464033837776 21.430126091612294 -6.514889527866728 -32.63392657535218 -227.62111619200851 -113.15466259814792
96 4801.769921541214 88424520.18080567 -39.63951251384571 -38.90143269867887 -16.861835616194682 34.22560339177943 44.86499243992477 -20.72628352665521 15.345663224892178 -234.02963259196883 -107.3500208684934
97 4848.439187526703 86463077.88424161 -13.783368309081368 -13.57740342628264 -49.35513547063295 0.15901731596921564 17.649745127046078 -8.429762347065264 -32.73730954845661 -228.87120622764974 -115.89841589221083
98 4895.332325458527 87280990.52931114 -17.659787278386005 -8.19805183781673 -31.196134475414958 49.03186181133994 28.85088910277364 -3.1482734500588663 -31.624837363860763 -225.6388953032632 -109.78888233952506
99 4940.058112621307 87188644.4961557 -10.52793357297708 -10.340096963498612 -45.5928394363384 -22.1374383908257 15.732808996543062 -7.66823577994478 -25.700428783573784 -228.4660772523245 -115.8032109977363
100 4984.913511514664 86164276.57553266 -48.9371987549588 -33.249456927078114 -33.18161699438463 8.746666786686085 35.82692545001724 -19.041856552857155 2.583483395629628 -234.10242780668335 -115.85217080859206
101 5029.266728639603 88216574.56136544 -30.78879675072465 -6.382179868435715 -15.439090074274418 77.08807996554535 85.6418136461532 42.32572882327122 -9.413116680346718 -203.33316747734239 -111.76796005214123
102 5072.878130674362 86853137.16849008 -50.45165220056042 -51.182238040719504 -6.24864218138427 86.45911025399593 42.586838372118805 -8.58573348888683 -13.136185050364588 -228.59230965773685 -112.4200327348401
103 5118.43877696991 89077863.7319983 -48.66544021433807 -64.04215848168081 -2.8266906539544863 81.3303744898509 76.36958567145054 -15.926094122284724 15.472601453132711 -231.23574725807777 -103.14559067188452
104 5165.196277141571 86449758.78131077 -26.11674322236255 -26.673671601838066 -40.14992164916965 5.862691801799343 19.593530592293646 -5.87972400401776 -29.206068774222217 -227.63864666352993 -116.45859736217812
105 5210.065435409546 88582300.99460818 -4.883674529611557 -14.878069829233414 -28.772734249031615 48.33482597625366 26.924133160707264 -1.9433531735907081 -31.12438339419691 -224.55956889193232 -105.64969382256277
106 5258.70632147789 94175867.83188064 -35.06712260861838 -28.62578090449208 16.43047740328801 120.41034967048532 238.20382644320495 0.46763157378399 115.13318996975852 -222.09014478765192 -92.98992166191204
107 5305.417062520981 87339485.10787302 -4.003553402196269 -21.008369307980924 -45.807982784569596 33.66393487862166 42.402900836449604 -3.1324559530941656 -40.64820489248933 -226.00603635248893 -113.9141321232998
108 5351.843284130096 86416952.30894865 -27.180850807618338 -20.573429374870845 -40.9841820775405 24.913046970675868 71.91355359232585 -9.874916049095816 -18.763272644250094 -229.61341356834566 -116.1869818494556
109 5398.2705953121185 87612057.8193691 -0.4534807314168603 -7.244569092186515 -44.51713825387043 15.035499249288076 17.986275862800838 2.314152115312595 -38.372854911818195 -223.2362960578385 -113.12963266194504
110 5442.1685926914215 86393550.61895488 -11.787789551010793 -5.791627689486203 -48.54503392322457 1.6051771264604824 17.57114252514188 -0.6316596401091488 -36.69102377837703 -225.08626955449085 -116.75597670810839
111 5485.691821098328 88191199.7588367 -18.176247071114087 -20.501533748225317 -25.052870934511127 59.19443568695799 51.65811131334697 13.093339590742175 -19.54578171820623 -217.3005351669957 -107.3308728704672
112 5530.768016576767 86480755.45900938 -14.256496147132967 -14.806693409457203 -46.222851532266226 -9.48899373031061 -11.579502841489425 -4.135906188722231 -37.024313347023906 -226.6747316147809 -115.43934792557849
113 5576.274135112762 87918795.71214014 -2.6286276801616335 -2.7368429303201465 -37.119545962343295 26.96304303959286 -0.4226996799276268 22.61233999521346 -32.95178047559244 -213.47706869124113 -115.38302105203263
114 5622.760432720184 87350972.38598907 -15.23124232361868 -23.475170910617813 -39.22365523380744 24.54034072034447 22.150517364437814 -4.4317549544940675 -28.368529748721983 -226.39356560924654 -111.24312055605748
115 5667.001334667206 87730406.36021146 -15.960015838025218 -6.0656563891159525 -42.82239003950316 2.597532143241054 55.46605353477108 -16.988003483343846 -7.829327512079487 -232.50959311821367 -110.45420937255358
116 5711.956466913223 87451025.6939518 -9.652121292393858 -17.04949968675992 -38.40362220612153 24.46224605847602 19.884803392664374 -2.2381370425056843 -35.84711027988686 -225.2218161282858 -110.74049905517921
117 5756.19127035141 87609059.92698883 -0.45303115649708836 -13.515297722567208 -42.41864789825225 15.858802216338514 17.101315494181886 3.1703156897940517 -37.383835666886796 -222.79698428062397 -113.16398834502797
118 5803.114942073822 87170373.16493636 -17.461667115289465 -28.213381209315298 -36.61994128386813 3.0015453418841886 -10.110304971582446 -0.5422938426213477 -35.44775990361853 -224.6123565863382 -112.6376042662103
119 5849.1354768276215 87566282.21713673 -8.43893362463111 -16.557394813419148 -51.270136796637026 -25.4679515212447 16.86039744699191 -11.485671563045855 -20.838154328093026 -230.00172295013635 -112.16802076303344
120 5893.885738134384 87343526.04600033 -25.115718905484684 -14.770537405063125 -40.75770849488189 -19.02662919726358 23.57907635839708 -14.05395877877038 -13.153888141030905 -231.22144965201716 -112.21254262693452
121 5941.982491970062 86158270.33964786 -23.37202624374323 -19.19926359934088 -43.46207894085792 4.349421281522865 18.803652250617798 -6.141172986513027 -32.209997464053686 -227.70513620414903 -115.93957120223445
122 5985.946875810623 86337280.32102439 -22.058002817955682 -20.791124456841125 -41.609850522197966 -7.1159805685171875 -9.511804272553952 -5.813533522577984 -32.63072742028692 -227.5145950793405 -115.4086606638354
123 6030.6938762664795 86401879.0566716 -11.259441188046768 -7.161112078285789 -48.824849558648765 -10.586161115652665 -12.197818865362338 -1.9414617865631385 -40.58660868771989 -225.6485558770567 -115.91403057792212
124 6078.581770181656 87679698.7621856 -21.947913339280916 -7.0981698969284235 -44.90893884450734 2.5819709225288605 55.975848976967185 -15.197142816514145 -5.763084103244751 -231.72428374929086 -111.34638753108266
125 6124.161782026291 87635880.29386277 -19.274368887979264 -29.78819741869638 -36.106429918301174 7.063192074045368 24.601487348705042 -6.166584568315386 -15.229714969807048 -227.6251435505706 -114.7685024886689
126 6170.933530092239 86316258.54552932 -4.777412889140283 -0.3043848816515964 -54.67020426369588 -13.809947643064866 -15.500948847806029 0.6216624101463708 -46.86657788000207 -224.27837525362776 -115.05156043949165
127 6217.430517435074 86527601.04627907 -28.74299249078399 -22.38806873685285 -34.05091445269524 15.744650132950824 -3.7110063352322653 2.256850427490633 -27.93957656809613 -223.4463688080255 -114.64880930836546
128 6263.162647724152 86244791.00444914 -29.97973726004647 -24.91625704013407 -37.57827070878435 -5.181740536305448 -5.927637203423902 -8.442823174519162 -25.467977798669153 -228.79093435497322 -115.53442668949856
129 6309.046455144882 87135291.38726783 -9.487771594295726 -17.83134384591911 -42.70209362871386 42.841532204500524 24.956273400740542 -3.606314458551708 -35.45214015487909 -226.18099017497417 -113.17496661652712
130 6355.668370723724 86336873.25617251 -15.926178686321554 -6.337717659184213 -48.368863950947635 20.839328957489244 21.79174683564465 -2.3432154088267794 -35.5146123819747 -225.54677080241044 -113.14401490803971
131 6403.6380252838135 94271624.80961815 -2.342161110997056 -32.475829425339164 43.205234676114756 132.78040143196878 77.45390395200492 11.921496188492881 4.276400280328119 -213.98254459332094 -69.44054018045915
132 6448.964410305023 86157184.97920057 -27.889724797049137 -24.020767911797833 -40.08519959946577 -6.333079232512503 -7.500574998353255 -7.05040434489797 -28.704311704984207 -228.2125360125748 -116.25424041193497
133 6492.774861335754 86265902.49218732 -25.97645107169626 -20.02652289995672 -43.5378651268798 -8.640161160410365 -6.769789308326755 -7.265490311593851 -26.947006070239468 -228.23251798169827 -115.57460134060756
134 6537.427217245102 85825527.39036827 -22.39845498845527 -13.753948818471864 -47.949760448640895 2.081407147756188 16.629988285010622 -3.151704622591126 -37.44948513368263 -226.36052915088254 -117.30615109037768
135 6582.7073385715485 86103319.42469652 -37.45454116410164 -30.163740870530606 -34.55217321356542 27.99156047738347 27.84069377088265 -9.540348307326894 -21.43679260726384 -229.25544473451902 -114.64373921188206
136 6627.833632230759 86035631.62697689 -34.22101051051063 -25.02674919011507 -40.21783466573403 5.585067604633629 23.99060243296858 -11.284890181995365 -21.579133613543775 -230.3287861132244 -116.70649843278147
137 6673.735947370529 86462203.45017682 -8.620387837859273 -7.211633447479876 -51.690804043749516 -11.824026836598229 -14.807062448082041 3.6691575796119196 -45.41515982558673 -222.99627603817015 -116.81604389114722
138 6722.548513174057 87953907.84702985 -2.2830458423017443 -16.062728012240903 -43.90542863328378 23.52782078380337 24.81588658606143 -1.9199831221822592 -27.91898822711846 -225.39337874235662 -113.9226484253278
139 6769.145646095276 86175172.55031869 -24.64992768233268 -21.993254535437174 -41.65541594159333 12.931668609141717 -6.9358011167095786 -1.2603896750924832 -36.713775619997364 -225.32627623814346 -115.90618742764315
140 6814.129956007004 86388217.5854379 -53.136312687720014 -21.724095367112906 -31.933471354043903 52.31236574859127 111.19825635633615 -14.427372722246218 0.6906200322588916 -231.31902650657042 -111.25698329993247
141 6858.858812332153 85944331.79410401 -10.948092579964735 -4.497518513540981 -53.888509646756646 -1.0918010278095522 12.181536836559134 0.3155759018504227 -46.637423981675965 -224.7073098407309 -117.7611928090788
142 6903.437418937683 85925032.7289707 -23.35057884938447 -17.085793789743285 -46.176544596069746 2.6798959439279244 16.703306773522737 -4.716475848776213 -36.18979108341989 -227.1221792738893 -116.97464470796643
143 6950.195510625839 86787630.38578385 -6.752648450188152 -12.980431956640778 -51.21751845423891 -0.13000048293970679 13.551982560529687 -6.742391701762358 -39.73093782352532 -227.89463463204595 -114.76354973731816
144 6996.55871462822 86810445.24455692 -1.9729099069821814 -2.4231091635701008 -57.39225485520731 4.04050274137802 -12.8036058102411 2.928733672464091 -47.711653310194436 -223.10563863206778 -114.38086176299305
145 7041.300849199295 85929893.47163215 -20.78924074562643 -12.857023876534345 -49.90468038665543 0.8145336731181416 15.74308026910886 -3.6995274439090053 -38.18279867179075 -226.6107236807499 -116.76381098081868
146 7086.353694200516 87204896.04509833 -27.19217174408475 -19.41442375523118 -46.325773741310336 1.784720971243921 56.79642766454521 -21.065981072089755 -5.178614352863008 -234.83192051010735 -113.4141310597866
147 7132.907833576202 88342909.2913863 -5.252312804367028 -7.5456394819008885 -31.880521946691196 48.5546112855876 -5.441234817710482 32.63423772771023 -43.94477344272974 -207.62980714043732 -106.9188464462552
148 7177.212100505829 85974690.25339688 -23.540651566405327 -16.090875178539505 -48.33743276628103 -10.862086197155762 -9.129600714767523 -6.841319992566298 -32.18576406115295 -228.16140551413025 -117.17203354527487
149 7222.165251255035 85892297.60021678 -21.02639604941791 -13.076365986679864 -50.56879300110887 0.17772586244098676 16.07217778875357 -5.430379903360063 -36.71050546519996 -227.52036393934821 -117.54521694345038
150 7266.888425827026 85735732.68429856 -35.53654535316741 -24.976003797821978 -42.046776945781055 4.665222503635668 22.306169683634728 -9.480742391935735 -24.071482978553206 -229.47822379619208 -117.30746243157802
151 7314.001203775406 85899701.91290976 -29.087773895342263 -20.15341413800587 -45.047071497855036 2.9372193313937203 19.720848388885216 -8.229698164652689 -28.418820397713773 -228.87798282133986 -117.1454589598116
152 7361.979031801224 87349046.39888155 -3.796982233218232 -12.957168200023311 -52.966637213735545 -13.781638204193506 13.413570160356084 -9.496909274498478 -34.04334257823086 -229.074621488027 -113.05162866578956
153 7402.222796678543 89534250.15469624 -51.82209581616647 -17.382172869277817 4.1932462020778125 131.90640572076128 204.3710644446737 7.473323397117952 41.51106342449509 -218.7854958895453 -93.90634862970586
154 7447.07591342926 85939080.84560592 -33.687446696910236 -21.58772534005263 -45.016431007372915 2.850671162792686 23.71565994661631 -10.310672985045073 -21.262824178561857 -229.75226957434433 -115.49197722880854
155 7491.156937599182 85857754.39378856 -27.46519799213438 -19.949282900352024 -44.50370125359734 3.42983024613644 17.73156606006994 -5.122827528618018 -32.78627225829587 -227.30076273024576 -116.83080328075124
156 7535.117076396942 85992056.9664502 -37.46044500013916 -27.655134838378174 -40.31428929175621 24.876645906295995 27.3613132510361 -9.831615025077042 -21.158662510743 -229.4359813245395 -114.76772380034907
157 7582.818815231323 100800070.70669639 -17.984357068664856 -56.49284799909405 77.66012506432327 149.8435382667253 51.05830402631473 38.000207672250326 22.774687733919563 -196.02567153625716 -20.274937879214633
158 7629.6600024700165 85998543.36002307 -32.578378256152426 -21.990443000978615 -43.668088043572354 15.003129911369825 49.31552926791299 -10.371688322531782 -22.960566037277147 -230.05582642588166 -118.14533459754972
159 7671.637003660202 88783008.64298403 -82.33524889242514 -26.80455827109008 -9.55314816192076 98.43748778335005 303.8658000914099 -2.3881356986194078 80.02185077898662 -224.24352302536948 -100.36503152375894
160 7717.358443498611 87616332.31194618 -18.98568345289039 -10.928722817516876 -34.76952890531527 46.01033088862215 80.28417907667166 -9.81081125980785 -10.327386094031226 -229.08159144085414 -111.68515985261018
161 7763.077595472336 87200498.82101734 -15.799527474097076 -18.06384570404843 -49.795500941251376 -12.433578191583727 19.592638464234994 -13.470443806523917 -21.039652781944653 -230.97872692362813 -112.56518383812704
162 7809.511231184006 86973414.03992245 -3.3015181797430806 -14.951105540874778 -50.141531272326404 -11.874413297287532 -15.20096715257982 -6.702902423875059 -41.310426715336575 -227.97239266514805 -115.6780372521884
163 7855.583241224289 89864337.3845499 -104.6047551186078 -102.54480543123117 33.07093052117877 183.42715941742776 284.11567048206007 -17.956720631885048 95.67497974401215 -232.70545983299138 -107.63312450839567
164 7901.760990142822 86090521.15358746 -20.13705457202167 -10.330804093849737 -50.045274105359766 0.6293067235275842 18.861184135320617 -3.2947010714242424 -32.43157652477362 -226.47271291584826 -117.56628013626084
165 7949.663991928101 89635708.92071672 -0.4633687783031295 -4.657603543887527 -32.40593740560527 32.73172997698674 57.52042543618627 -18.47973405812911 -10.091977425347295 -231.94732349363989 -98.07834535347678
166 7995.794019937515 88894540.70226476 -3.8069871842563217 -10.93473046670006 -37.920396258178 6.421830966482943 23.132096414841406 -3.1674376939117224 -18.40901085854648 -224.76909222373445 -101.52827170843557
167 8041.321525096893 86029923.4821471 -21.16829054834939 -15.5072824858619 -46.179807948373025 2.6088504084125788 15.088712379706502 -1.553744345521011 -38.599573351193385 -225.45027302207075 -116.0235746846999
168 8088.8022565841675 88969876.69790883 -1.2911270281476614 -12.83938524274828 -48.47635394951613 8.118928101831948 82.76727250381894 -25.051375504951352 -0.9592934175684036 -236.0056813162489 -105.64566734224786
169 8132.148665904999 86621824.49756019 -23.55132898135835 -6.839287694287092 -53.1226431477604 -5.7196725575655805 69.17785295495388 -10.214293512467407 -14.010579639590162 -229.58354855435596 -114.44130132905758
170 8177.748765230179 86224402.42317061 -20.593195046778128 -12.612933841933645 -48.40745469954502 0.919864765740968 18.929315494619328 -7.066671545453914 -30.695796712591573 -228.03082230407858 -114.46756415554779
171 8228.20345878601 90487635.41826053 -30.766076843671136 -31.770478336883375 -13.934481890577956 75.08730786913021 116.66860009420552 0.00919931085098824 14.151077958356382 -222.57801675206048 -95.69417002547789
172 8271.98559474945 97692833.03674081 -22.97974146386991 -14.453104446919046 79.79675128709484 129.91368663783118 77.70776973505961 72.40597567318366 18.320560399769192 -180.92639210578596 -38.76587081770589
173 8321.578557252884 87179634.37016542 -4.371979432838259 -20.79489448240941 -48.53471048196748 8.238946406232152 -14.223045268927 -3.6234581315464993 -45.867099829407664 -226.23272357241405 -113.77823585729334
174 8382.568960905075 140335880.35395232 -6.7980925231647245 -47.72020112615936 460.35320655528 208.76377920446072 178.08932630543043 227.06848760457729 365.70913285925644 -82.64368451827096 172.47890295007085
175 8429.475207328796 86473888.7494819 -11.023808186642722 -4.393112285623637 -57.1796441644502 -3.723638171891402 19.86493170622427 -6.828853594325324 -30.484662377602774 -227.96513197227102 -114.87199983173281
176 8477.08192563057 86911675.19396533 -6.770997850103939 -4.420021691832625 -58.47556040645866 -40.98485885697529 -18.65477418122244 -1.1785582463008382 -36.986046358399676 -224.8391105776791 -111.95807312985022
177 8537.384573698044 162245030.55538705 -226.14385430806692 -242.50554678640862 1110.2118473850533 563.4902447757087 669.3943330384733 315.24579663286784 944.7454564863383 -37.31369029200056 189.52771280080026
178 8582.467918157578 90454191.02453665 -15.624485918717294 -34.71831062330607 4.90595608562716 148.05662668173338 117.15867689005242 16.196259843382677 -16.232703922876226 -214.7805881716307 -97.66988674853405
179 8630.200465917587 86577142.8074982 -9.628913940382603 -5.924921781858217 -57.449962292763175 -28.113821900486798 -16.083388639526902 -1.085783890653147 -38.57418905412976 -225.05313962749557 -114.6295047211832
180 8679.788933753967 97850517.15228252 -53.55762784388758 -7.722043118401325 30.810066060178674 142.48229779458262 379.53770866315614 0.5030363149449499 186.62298224995607 -220.16810336212586 -74.61022344791547
181 8723.884682655334 87811122.42508169 -32.44974918296033 -18.97079681842747 -31.556810965857508 36.64456522702192 104.29203108271474 -2.1419396188227324 0.5518783142379675 -224.45622914752158 -103.53002067471135
182 8766.681442022324 86341851.07032782 -43.43710133315108 -7.319885747651313 -50.85571186121635 -6.088061290854931 32.239608515435684 -19.395821459403237 -0.062089178773476306 -233.311104218671 -106.69863653866594
183 8811.76566696167 87075103.94021177 -11.330426381443095 -3.867632178781875 -52.941900470180855 -6.546698350252328 -10.534042129978712 -2.048256204924371 -35.17185231608369 -225.03302965642348 -109.64747616152476
184 8854.67788720131 88703313.20636575 -83.39657728370673 -34.057034828264676 -3.2275041098321893 131.29216419831135 317.3937875708094 -14.41087263333128 83.44260953349897 -230.88622764391687 -107.14131614476759
185 8899.924825191498 87984319.75478792 -2.296501641073096 -13.102328465248217 -45.59515743906803 9.056390709753778 -8.242313363105993 -0.7641047582131932 -34.60923897424544 -224.21695960228567 -107.50901331823638
186 8945.501367092133 86706732.26669727 -19.643711574302294 -17.94254220009406 -47.32790162663215 21.277293485464185 22.560658759377908 -1.7951055168741163 -31.043659256497676 -225.34761776186292 -113.97329819782635
187 8991.780987501144 89621700.09667835 -78.21910812066511 -70.12095893446754 25.4068632497995 145.06428603737703 124.03113570664561 8.023383713371572 35.14152429609874 -218.7825478694628 -97.57782285983535
188 9042.22840332985 87197343.66058348 -3.894279179641856 -7.11594576120501 -59.440991827288975 -16.95289862154965 14.425583809327586 -8.622920693079664 -32.55220374145608 -228.73006534660107 -113.6957196384007
189 9116.59392952919 194211149.22340098 -231.15347787231659 -295.0936473070524 1140.2959369145742 620.0076088032888 612.8964053647912 406.79487937967315 1142.005043440259 27.398540197947227 378.2565125358425
190 9163.9083776474 87600765.56902455 -5.2199057165690235 -11.3808625024249 -48.54451006319835 -24.249889080217564 -13.833484256464853 -5.715050095308413 -31.40432539684798 -226.71174855621757 -108.51619930412744
191 9208.264343976974 87502599.13862406 -26.671806943133213 -14.369867978476947 -43.46492348814018 32.59943835776132 87.1935126255936 -13.321346892155532 -1.3515134608872472 -230.54986176706035 -109.10879383433962
192 9254.239852905273 87059795.54655518 -15.335837188261104 -6.812752812471743 -49.069837545656206 6.621818515589794 -5.23165962850938 -4.9947011062860724 -29.19390532701948 -226.53991466388072 -110.15025092379682
193 9303.004210948944 87389072.99506183 -18.450625871438596 -22.027045389154715 -39.4078751340148 43.89782434654724 27.13951069511855 -0.3974188878377731 -27.51937262993397 -224.190562185111 -109.40112015627119
194 9350.59113407135 87807646.05927408 -10.498004576279348 -6.04726003708995 -45.54759528213625 8.782058362719049 -3.64635493724343 -1.7255534589126569 -27.86569667241116 -224.85235750059485 -109.65750070870428
195 9394.088557958603 87483018.05694737 -35.41102105103329 -9.85398176007947 -40.07100105104733 11.42552011963874 62.297017195568145 -18.874800334782435 5.8411243486357876 -232.7571260849681 -103.60390851858472
196 9441.528522968292 86991985.44244546 -18.07994223498273 -7.044297809715553 -48.70504212973449 -12.627270441714373 18.88259393408772 -8.25698758841304 -21.910372819248494 -228.1754009997469 -110.38201633467133
197 9488.724759101868 86432276.62077083 -18.942776222158138 -2.0426402172904163 -48.21658248890004 -10.994894627085287 -7.2987223140521635 -2.918234440966785 -30.495155377047695 -226.120460881677 -115.87771289770677
198 9538.92764878273 88120507.6380049 -2.764422324254692 -0.7851811453274484 -47.728878909929 19.77983750340371 23.75117493930346 5.143941513438165 -27.996309111266044 -221.64927961524216 -111.03486461117114
199 9585.932847976685 86497810.92100486 -17.81658204309856 -6.674222760489904 -50.84179252750639 -13.25683365925078 -8.929214510054349 -9.731654179049485 -28.66406723108031 -228.93698860393914 -110.64639122325394
200 9630.386484146118 88462216.1298042 -6.221793022443732 -4.586382868790944 -40.93817621924248 12.329605906345556 30.92953365341357 -12.380145310119815 -8.464840993617202 -229.1239928124321 -99.7632589727728
201 9674.66816496849 86540731.60856214 -23.354255376808204 -9.876292936417247 -47.341852613490325 0.6681187109283613 20.593785746018288 -10.217041197599201 -23.97949641527208 -229.03244611847907 -109.28049433233906
202 9722.20438861847 87246210.29369357 -3.4680867343420907 -4.125529202917152 -52.714151680617086 -2.5432761349113235 11.525091608098238 -8.46193321917633 -39.89990508380572 -228.305800233154 -110.66295039454053
203 9766.44449043274 86238372.68583629 -31.838915941061067 -15.98473878358285 -45.2103853133147 13.622242134116725 49.8568314260413 -13.774655738302386 -20.147487786187696 -231.02455531733102 -111.41825196681481
204 9809.268962860107 87885875.52227575 -41.74781606908455 -23.78662902630824 -19.933140155928868 85.50011988728191 134.79654481518057 -1.3384203341199168 2.4111581270790907 -224.56197910038543 -108.31862731665206
205 9853.426174879074 88195918.51721354 -10.191243280691763 -0.15223619180412795 -41.62021448668929 -8.098684124430136 23.04416490570151 -5.622578927726295 -12.68781493615677 -226.1825134530735 -103.61570840876112
206 9900.265307188034 86404901.25936419 -27.218609263626455 -14.888762546203262 -45.698089583739936 1.5881590426614096 20.91978598247985 -11.428722028222978 -22.93724406011279 -229.64742257280028 -109.52618703015122
207 9946.382999897003 86708997.89405908 -13.736500624606407 -2.327741681624446 -52.351695303490565 -1.9377600865464117 42.21294536872056 -5.690900903034219 -29.877414916493024 -226.87762360733961 -109.90554090771985
208 9991.096835136414 86802898.47909679 -20.03729651241558 -13.31387703005985 -44.25354222825659 -9.549787586652947 -9.426642254699045 -4.800685304165938 -29.198206651606142 -226.54617571208934 -111.12824923313786
209 10036.591257572174 86658169.14476486 -11.700248093999926 -4.134200089711448 -50.371294905102495 -12.474164783417294 -10.585801356119958 -3.6628559878461715 -34.8965897017203 -226.05469434642902 -111.50075528320559
210 10080.113828420639 87979016.3652583 -29.284120540071054 -1.7691175537688077 -21.9211271998267 65.4660421689875 111.66869065332335 21.017744990028064 -3.4816811144930284 -213.39373886775599 -107.29251978687893
211 10126.054476737976 86510927.454558 -19.35934668105714 -7.308339684437291 -49.68167692244344 -0.6863285210170744 18.133944190864053 -8.191643016165472 -28.535512643170193 -228.2611808210636 -111.11528967189133
212 10173.474621534348 86794554.11530817 -34.52341768515246 -17.146948357489688 -42.90342562368154 13.857137998414736 79.85191149051175 -17.88925439586285 -5.531674958833321 -232.7154192120721 -108.30230265384444
213 10217.645526647568 86555954.58506078 -33.342594026178 -13.508794638720923 -41.625838346758925 27.708084405710064 56.82758967700934 -15.005223091718563 -11.665057224946452 -231.07554336644995 -106.21753870898948
214 10261.034867048264 86588191.72128847 -20.748933034174698 -14.146602954556162 -45.013296300947076 2.168941016754495 16.660170819527437 -6.99681794236659 -30.23025483185819 -227.55545631950434 -110.21397773998564
215 10306.670376300812 86314921.50048926 -28.990028045833533 -16.349207638745252 -44.25281903051382 2.5834110819017155 19.684654701508727 -10.290257803149359 -25.296285281498285 -229.30022911812034 -111.26265365977963
216 10351.750930070877 85578260.49742109 -61.86599659851795 -26.447611361275335 -32.1896072389071 16.981469584613606 37.93666300530862 -14.347475025631127 0.7467025588955494 -231.50445688118577 -113.09486976054575
217 10397.171356678009 87600919.86590514 -26.591869010752795 -3.349846322073081 -40.425605896560846 21.23460102317899 56.45902195116062 -7.7507569140558985 -9.478798441705294 -226.5210053559316 -96.87060587093748
218 10444.861582994461 86815950.39642555 -15.283398329504685 -9.519340215585839 -43.905096803745046 2.1873129420096262 16.546298011106693 -2.765319098558848 -30.52188179778068 -225.36176276767583 -109.35075194446296
219 10494.678900957108 89190432.85239385 -3.079522221963753 -18.105300101941097 -30.16550958443316 35.72752019905448 2.5928713358605386 -5.785498558985978 -20.09832419008717 -225.57866197527687 -97.20093508162518
220 10542.759791612625 88450183.6670064 -0.5760532419467825 -15.503551679001163 -39.528706095272334 23.983935246093584 26.46696272344241 -7.639617182694394 -22.492976815828115 -228.0508261886896 -112.13785386909751
221 10588.40105342865 86213146.76451948 -19.23435912875865 -4.750558206844662 -48.84818647753425 0.6055623571508377 19.437860670877484 -7.304202698518793 -30.728339613260232 -227.8975444469326 -111.99302602047345
222 10636.35021328926 86792652.54182097 -16.675517115936266 -7.411916567908477 -45.30156974243495 -10.054101679755775 -8.831963064511296 -4.898238844857531 -29.295581788424954 -226.43826745543277 -109.63581777909224
223 10683.422815561295 87275060.21643768 -14.242697760420322 -17.118554638076695 -45.59121864550178 -22.582602674948433 -11.717034426384286 -7.988411901238294 -27.264156954208204 -227.93249782613918 -109.25425832635284
224 10725.91946220398 85876711.46711552 -41.017163794549106 -17.54542252627717 -27.667834043122532 43.129090247846264 31.053622648832683 -9.002912448935035 -21.717597993214156 -228.6310590305116 -111.17885343916174
225 10785.750647068024 184941096.11765757 -70.70147675139566 -48.98740614876916 1708.3290748278162 508.0809704798082 461.9334022848775 203.09116916402206 547.9053902210094 -54.975722795513946 554.5690061918363
226 10830.605171203613 86606940.79043326 -18.145456166885225 -5.351276733487126 -47.766119870672014 20.656349340411158 19.50329567291372 -1.86596796529426 -36.87878874793529 -225.06996885905477 -110.46124011794893
227 10873.988903284073 86416969.79753967 -22.69360568208259 -11.488481998537045 -47.820310184065036 0.5428960327203214 18.361382238141612 -9.894793708231646 -27.634029950527918 -229.0016691263595 -110.66261805017132
228 10918.620540618896 86493771.96970956 -22.70976527875413 -10.417083710722343 -46.29896234875301 1.617419508097079 18.487909654398713 -6.512651920720941 -28.652939868260376 -227.34101930943535 -110.67655677856902
229 10966.266651153564 96133691.58746466 -155.78418495716568 -172.5469002901467 126.69419949733046 252.6977435126974 258.60350867145604 -12.303416704432834 141.50102800709533 -225.1145810574688 -61.09210023578686
230 11011.282103538513 87527102.90389174 -9.634305847518359 -8.369270453262548 -41.66623069624058 30.474810539731628 22.192069625785265 3.3567886182692064 -31.483169881854394 -222.2324059117072 -108.18784664040209
231 11057.069311141968 86472849.0263146 -24.36028984470955 -15.59499752840929 -41.106413406095946 4.30179814856448 19.132671369273012 -8.00982814566271 -27.628529195731858 -227.99908969628467 -110.06212550574043
232 11104.504897356033 86993185.56396654 -16.43218343362865 -6.011471319509437 -48.86192529846504 -11.811712175041954 14.834035102958907 -5.650355412560884 -29.0095433647719 -226.50538876940755 -106.77071788880329
233 11153.78344130516 87066748.79898873 -26.12618009137174 -15.00344158238629 -34.22487123195266 26.765102791488772 29.491201493793902 -6.798817946208089 -16.083671938301904 -227.18211703799318 -107.70287369600982
234 11198.89144897461 99867553.52212642 -56.487289633217145 -17.390306574291827 76.73628362551386 197.48285361183426 199.3065651399217 84.1477061317753 86.34004467756222 -175.59676375158438 -42.71933949370219
235 11243.087219715118 87219308.42432213 -21.154505458315715 -5.984848273014578 -51.16772784857603 -25.501022657399858 26.482649003897667 -15.693558135617877 -4.31616582136985 -231.6462118097387 -108.45114741663303
236 11286.830485582352 86182120.95079017 -23.325237189916876 -0.010323999442875209 -56.045767480191806 4.430304194293676 16.52799037188042 -3.866362330080676 -37.15552112495061 -226.00099118269048 -110.2303675883822
237 11345.798851966858 225081870.29029852 -256.0611433480405 -222.15779468728692 4185.594224677405 740.7021443874553 888.3499684396721 613.1329868971666 1624.2971648945077 137.991331676772 462.2186864242532
238 11394.183494567871 87325035.92152898 -7.867437839777592 -8.241321575576038 -45.437406631510164 21.597464390277164 24.14206222433186 -9.106685333547205 -28.234323881521846 -228.68097478994957 -110.97201650842538
239 11439.496915578842 87225368.45870727 -10.033419110998006 -11.88096653947351 -39.95818958672408 -7.40990282326058 -8.543985939102082 -4.567258936925441 -29.22538070359417 -226.25216856725154 -109.11471895224975
240 11483.979596614838 87653407.36927393 -2.382125347216764 -4.4562721323100565 -47.47150809468605 8.00152081743122 63.93813143873345 -4.469463986017843 -24.503590720571367 -226.21063425146667 -109.54010788803271
241 11529.777858257294 87002817.55141707 -18.34604998561663 -22.234198189065715 -41.883065279156455 11.184944288947491 -5.155619410420837 -6.719916541687951 -28.857239436622137 -227.57693998383485 -111.58051792753054
242 11577.460711479187 86475375.1435752 -4.573235581294858 -0.7830121728296624 -57.706069609662606 -16.17177803548224 8.206015862918264 -7.505500725645675 -42.69273951935264 -227.95502138737083 -111.6820372987113
243 11623.127076625824 87278308.30877483 -14.846871253050198 -14.20594190650441 -44.29206827295646 9.160829056100567 -2.6226935550715402 -8.602685640820141 -22.88098262680313 -228.12511808220563 -108.34283240634716
244 11666.649125814438 86914647.03112641 -17.68390304858128 -15.074391650793867 -45.11054594883649 1.4886504931169569 20.76292889627377 -9.747147655211222 -24.331724201506745 -228.9078859644266 -110.20056493523606
245 11709.434988737106 85891797.06548232 -43.67645680068716 -12.741377079493269 -44.791073949878594 -9.757772750855096 57.497350148379525 -18.107998914424115 2.111375175419198 -233.1980350363748 -111.61544354956897
246 11753.383407592773 87515647.67895465 -24.2565614706946 -29.74776868334826 -34.00956966529925 26.628435699423704 24.061618609690832 -6.816390207230199 -22.93182753501759 -226.95722591479313 -105.79620673664812
247 11797.922438621521 87006012.1790283 -30.479617453748084 -3.1403307145429005 -50.27322793053324 17.72250946652073 110.74028118149337 -23.384419138153646 0.027839422954798465 -235.14403478739968 -105.34377649121143
248 11842.693099498749 100487984.65777044 -147.41670596105413 -88.50939648918546 150.0710968527513 265.0847538904875 573.1415348804518 35.063478685946166 327.06089909916795 -204.4024777468171 -86.5050770525574
249 11888.27982211113 86548018.66475803 -3.4736332518983666 -1.074567759391158 -59.28917571187517 -17.441635858810095 8.739265715262205 -10.52339815677226 -40.51212615487708 -229.6298788294352 -113.3608000769234
250 11934.656948328018 88482445.49681355 -6.641541328323122 -15.166199185630234 -36.28855934496934 14.114110546940353 24.860216708042927 -6.916520453453643 -16.82003149017021 -226.780167660882 -103.05934289977426
251 11983.531533002853 87084565.2066589 -4.943261004225857 -1.6484401824297317 -51.250815553927225 -1.387964486657829 15.650081961897014 -4.3328313686555475 -34.870693946682366 -226.31987298277653 -111.02859809080724
252 12028.923346996307 87991559.4755393 -16.023420470652177 -5.8017900454670475 -44.050476435275634 21.895072770689 103.39477400731221 -10.33064059030545 0.3759887374190498 -229.05610270424967 -108.68503477580214
253 12075.85245347023 87199176.06880821 -3.661384278775744 -3.919399395838001 -51.80145169515723 -14.117804046229054 -10.606445650210798 -6.526787443708429 -33.1644358030116 -227.43988569600322 -111.68177964400127
254 12124.105700492859 87574671.12280272 -5.7452842040948084 -8.300927935288108 -44.42972335601622 10.445790741585007 45.495982300645665 -8.887743575328386 -25.92795730533544 -228.07060902284786 -106.49232073481028
255 12171.084626674652 87132439.59057663 -19.38697130708158 -19.08644111775708 -37.23045849026574 -5.9507925307484015 -6.721365460561446 -5.600906232344357 -23.991890214755927 -226.84924579177755 -109.99035662653466
256 12217.579127073288 86758222.26740195 -15.921102113046146 -1.2290023057267065 -45.14578143576381 10.56301971815666 20.338086063910765 -3.6193615787719295 -32.04405651118765 -225.58523152257504 -107.45149880541533
257 12262.45662021637 85694279.76224907 -29.600589847705237 -3.126462045108517 -49.72952172381456 -11.658506947590347 16.0191833381022 -6.255883039842843 -32.09982952230331 -227.44178664140065 -112.81077039075018
258 12307.561494350433 85819945.57157424 -21.7452108312745 -2.244987514921551 -55.11193035567782 -14.762190916603338 14.018272148510249 -7.648002884056041 -34.516605423938415 -228.11632368250906 -112.67717207042466
259 12352.061457395554 86533779.32287 -21.217432098850765 -17.852258200486723 -45.73888702319546 10.15848225614598 21.066450113827642 -7.16726558726009 -29.138492101445706 -227.89970224861054 -112.92295659543436
260 12399.008795976639 86386720.31832486 -16.42619849656851 -4.469086505675939 -48.588125303521004 -12.04292712317148 -12.612717751091637 -3.2148555475698686 -37.86013845851596 -225.95562059128275 -112.96776933344688
261 12446.136662960052 87310033.54056479 -4.5661514732406285 -9.654978151121476 -49.89918094157245 -13.125717920290434 -10.832203054707652 -6.747775380911889 -32.203326670305785 -227.46175143030905 -110.53859646103302
262 12492.425158977509 86819288.27339035 -7.238729013768612 -0.9262650167953081 -46.98268359261561 -10.528248168442914 -14.606340863266677 1.7783063395639829 -42.95072827536006 -223.4287613848781 -112.32639950984822
263 12536.688696146011 86539208.42715019 -18.450621673395794 -0.6487693223893518 -49.52336217307557 -13.137651632393158 -9.199059953003914 -8.443513054230834 -30.895107957415178 -228.32693649530273 -110.91052709021511
264 12582.160738229752 87307098.05193163 -13.681187784118887 -11.85797556581991 -36.109477383397675 13.948385467588935 -2.2318466398586385 -6.916856716886059 -26.24463025482578 -227.281882926111 -108.06248482782433
265 12627.326866149902 86657298.77233428 -12.149027924533963 -6.595453506660006 -46.54718911857659 -10.441671753233088 -12.938119809783746 -2.662796660958236 -37.83525859471166 -225.62744713655127 -112.17186668491587
266 12672.629405736923 86210580.85107428 -13.809218894944266 -1.948922624801806 -49.52183945642779 -11.962172093926895 -12.208344502753778 -5.219507731704994 -38.51660815786664 -226.96099685656435 -113.29743998167396
267 12717.63656759262 86681171.81556116 -17.37781804734004 -17.38464202391921 -40.13319621032241 -7.5341390053185435 -9.606918603682816 -6.068565548615084 -30.936440958751632 -227.29089232679405 -112.04947497168803
268 12766.956325531006 86386880.74659953 -10.46149873538959 -6.397319909750328 -47.54888782096171 0.397713747218738 -9.645974661576782 -4.587597248106249 -37.74858341686439 -226.82849551069916 -114.82792085996965
269 12815.090749025345 86149070.23620395 -19.236291617777937 -6.614192461121135 -46.93824995626495 1.3398799688766516 16.078234035826004 -5.5441259489186905 -35.59203245387505 -227.13031293497153 -113.18991519873913
270 12867.218248128891 99651668.67303193 -94.66593274169406 -120.18814329643071 94.75315016012988 184.9312608034475 235.5055922841237 -7.595270297135016 120.19298777386643 -220.21206578278117 -36.218793306228235
271 12913.227521419525 86211423.06630203 -19.181951442157512 -2.9575885591917466 -52.74451772563012 18.614220020893427 20.68628601324677 -2.667606708263122 -37.821648202919505 -225.6967928340514 -112.91537169567391
272 12957.861670017242 86929883.44429222 -26.054237521445813 -9.593516261505963 -44.46159851803195 -10.765040205441807 27.78415553537619 -19.076882542677424 -3.6944592628597093 -233.17873365479528 -106.91979440249901
273 13005.64226603508 87091455.4685223 -9.585501304765632 -6.063670842335513 -52.596919097290616 -26.639927550564778 -15.37024168544679 -9.665421951951828 -33.683181505685866 -229.08375676001918 -112.35989311209829
274 13052.658692836761 86198465.60557638 -21.429333525641614 -14.538868871618126 -43.82160975224182 14.433998512691602 20.857893772314817 -9.295368219616819 -30.88297219708727 -229.14052254478577 -114.82897654285028
275 13098.32751083374 86580919.98033671 -6.862734614461321 -0.9705614021613824 -50.46449321601669 -12.002964085975748 -14.932191938166705 0.9711364932609854 -44.38188883539101 -223.93665018047756 -113.16671542248366
276 13141.489163637161 85990828.69996081 -17.930218359339612 -2.651824007561807 -51.116863622516085 -13.2715214698557 -11.540090658065022 -6.724195644561462 -36.37899792846048 -227.7924305968923 -114.09375887251173
277 13182.302672624588 92927438.5427428 -58.1250525677326 -3.413377767196086 7.786026534600516 75.42173519157903 101.27948606822099 2.24865524951349 33.803865375360715 -218.82044880423211 -69.57372401327518
278 13227.724659919739 87327725.58480343 -16.945183795765907 -19.48528977283453 -40.59042648990354 31.2764625167026 21.72594590218839 -1.573053191431029 -32.47926115018538 -224.61618709719437 -107.86846050961157
279 13272.43663597107 87129718.26884297 -5.391387437270248 -3.245206172677311 -52.48392638974137 5.143999024854665 19.123706603683246 -7.128204846106826 -30.47371037231909 -227.41759335081383 -108.25480772318542
280 13318.339848041534 86061970.61135377 -14.409652467919546 -4.584882635255022 -52.62254489672119 5.741655041007554 10.853950635679151 -4.210221970987675 -46.146822245511316 -226.57569714849978 -114.1261394695149
281 13362.532055616379 85882455.09993224 -30.841836662710723 -7.657436114329515 -47.35796621170254 0.7713123345874067 25.39907695192153 -12.322447809688072 -19.459450652929206 -230.4461133958078 -112.77543238150224
282 13407.929632425308 85873085.57858656 -31.991467866728115 -17.017440948378 -42.57756380442607 2.82687634498847 20.549085650699492 -12.149757769538269 -24.461053027808646 -230.42133755882298 -113.51849620792655
283 13457.919728517532 86734757.78491168 -11.576145132173737 -9.377089283888257 -51.96947359236112 -25.04933502408676 -14.292627618246613 -4.898510305348225 -34.62410172857727 -226.73735256985236 -112.2453212736678
284 13502.121522426605 87573201.67274404 -9.946432775182858 -12.778005692934897 -44.21057093950517 -2.8453366092849635 19.682037267658615 -9.40107566115961 -22.5354109897757 -228.3730539981667 -106.56812475001232
285 13548.460167646408 85672791.04885402 -24.713202849270054 -4.819142754291992 -52.812405789323456 -13.200960359245869 15.642752409168759 -7.8681015294773715 -31.164099231447835 -228.283850533242 -113.19777057354463
286 13595.607226133347 87294303.01547253 -5.755488855770123 -7.868566010110008 -47.883917035017845 -10.81704681338389 10.00350393308135 4.431640485725438 -39.00179111891288 -221.94983117346192 -110.8157016131409
287 13645.107601642609 93329733.9253548 -0.4384666347023103 -31.45388644487405 33.07034735963536 126.5476583433058 -60.22740173599155 57.92821684558294 -40.99679781978932 -192.65763320996302 -81.79153769735609
288 13688.461902618408 95217454.51943767 -130.67974045874038 -118.86989018672095 110.1756999925804 306.19937535683744 450.5024842206556 1.0427311814891027 192.94422084296502 -221.16160737769167 -86.8986976597522
289 13748.734739780426 190220248.92251495 -124.32043410166565 -124.88297868563649 1527.702188234497 479.364240419852 640.0316172294849 448.399834669229 1128.590826685918 44.392468027983 344.3102051650634
290 13797.024004936218 86752619.44706157 -10.154575837309999 -8.314087293013896 -52.07803929662592 -0.8241461623884234 15.519624135511407 -5.312490272725086 -36.572860885605394 -227.20937076861992 -114.76947067322732
291 13842.44067811966 85874251.82405396 -20.340398005781598 -2.6391200309388627 -50.28548906816415 -0.5278235442237431 17.2004819316944 -7.917625270878602 -33.89661957462522 -228.3429500348837 -113.38062266745351
292 13892.347148895264 88215195.82562654 -6.28541233112111 -18.83211050533612 -39.3770857993526 12.278883410355874 -3.6476290359933534 -2.768851099314361 -25.197984520635487 -225.12411243357974 -107.03061780960604
293 13939.567006111145 86552021.6020627 -3.421278728996855 -0.0016603029683901482 -51.19011244774063 -1.2748558485911659 -10.13057765411389 -4.165147269826662 -40.31552706901391 -226.7147406702161 -115.42766490777831
294 14010.36194729805 233469642.2168814 -203.68582618346372 -246.46442701051373 4677.935307595953 734.3736827843524 967.3155257250907 759.7738991594244 1941.6679420925357 198.18654181883653 343.1719139856141
295 14057.934523820877 87134710.61448191 -13.393970895386248 -12.646249917377407 -45.369726659123444 -10.619467387396341 -5.487758678069038 -10.430364715468897 -23.43275899323754 -229.60809424626564 -113.64557175517899
296 14103.055690526962 86058995.91522159 -23.43727073306389 -2.794495035159433 -51.20915361028317 -12.25217679292696 13.444019832674533 -2.0396949455749223 -35.61881951282464 -225.28152844423374 -112.23787735556112
297 14148.51297211647 86388215.79855397 -8.067375939320215 -3.079053983322258 -49.36010903670371 0.014942231432549136 -10.692596972957011 -3.3393497076549465 -41.64465982209657 -226.30037718959454 -115.62749643713676
298 14194.073059558868 87119484.90627414 -11.034343183875139 -2.6872943204208144 -44.08806701902737 10.265935180333386 -6.293818990940992 2.648787462268558 -31.127713548620818 -222.5111133467152 -107.63977225506159
299 14239.78420829773 86904554.37272376 -11.097430189490495 -1.747385988483936 -47.28859133275246 1.0826509219462537 16.63795965235469 1.3692850642295298 -34.53925851226586 -223.65196852569568 -112.16155071799943
300 14288.923300266266 89568214.10990398 -8.760160017028655 -11.294035054769928 -48.829033009973145 31.417353570879357 166.34014259031838 -30.06034872824597 25.217589419901174 -237.7798794349659 -99.00429476717932
301 14334.595592021942 88259914.98485214 -4.071683390492888 -17.244139929230244 -33.8864063009503 39.375905410256166 26.557859836579716 0.10552891016379817 -28.35875628146482 -224.08961213084922 -110.78128584971148
302 14380.86159157753 86189146.70933296 -21.028121043209467 -5.568781401199738 -44.48879095990677 2.714721889264986 18.412031065943513 -6.467051589319681 -31.555461156531635 -227.54438414683108 -112.5035491339558
303 14427.569376707077 85804594.38469137 -22.697543019789478 -9.475893670748675 -47.1204199945378 1.2551392518467424 15.785286228791064 -5.409296972418019 -35.76717013797315 -227.16174330610636 -114.00818541888606
304 14472.806481599808 87283067.99659722 -11.323289235778397 -17.72626460558385 -42.40116902432043 10.933405764058882 -5.171004593015058 -4.893691019762969 -29.914632517172038 -226.539811617078 -110.65111710031687
305 14519.170552492142 86321862.6054049 -20.0909090753078 -16.760131831331524 -44.284041997661646 3.6819181168549378 16.340126950918112 -3.6410143680756164 -35.983448362428874 -226.45158037590778 -115.68380336378436
306 14565.82818555832 88242047.92498343 -3.29918805031447 -1.4415591289269383 -39.52860765288462 24.17330904551082 25.481164860425814 -1.9842747619401848 -25.2725582610517 -224.71203315535212 -106.67282017575491
307 14611.573449611664 88149156.77622254 -12.016152667563883 -8.35846822502782 -55.88265005500514 -8.465788784758011 48.93522263772115 -15.124807541375901 -13.370334779847951 -230.8662446655594 -103.44438847616135
308 14658.712808847427 86313029.66802192 -15.981571352363003 -6.398969324796129 -48.748896288764335 -11.987616688043524 -11.020604605445104 -4.197476072349957 -34.98721118830042 -226.37862603063274 -112.3622898391298
309 14705.896384954453 101616272.22927016 -17.883413582676987 -41.29478496047249 88.51245596721674 106.33562730780913 96.22412365801675 30.540593049687004 49.15843524962679 -198.93486781246725 -12.207440492340538
310 14752.152477741241 86898810.43867327 -2.952074602481469 -5.404747159116692 -53.15712735562297 -5.704272277972159 -15.268372868191676 3.527814195728297 -45.70392164461964 -222.55826246179595 -112.54149764609218
311 14798.407996892929 89848880.46898721 -88.85850046706472 -5.663166729754725 15.425233595463904 100.19799761292296 234.9865114186241 11.62158712509796 68.56887074653241 -216.59642345825984 -92.87486920238337
312 14842.14777803421 85969461.50054339 -20.714655919561448 -4.519478951239023 -49.44237491593017 -0.5039861441363485 17.083607344873208 -8.124049317744493 -33.51077416060406 -228.46093156276663 -113.66704966120187
313 14888.872924089432 86230132.20879753 -12.732614385100776 -7.053673208145231 -52.36621304960172 -25.071346138842934 -12.976495369474947 -6.360099954938789 -35.05340158015389 -227.86506835412752 -116.20287958096026
