1 19.48799204826355 38501459.77518318 -0.31707291972797336 -60.249260658865936 -22.68830490890634 -16.458030383813693 -149.36960356823107 -145.0201404984258 -127.36160816560738 -20.5085606433276 -0.1691777568962607
2 52.6117742061615 101700607.92273019 -313.42511283525175 -371.0365167651666 2183.4894917113684 559.7508526435703 235.75659396559774 333.1809689829428 1079.851864714908 730.7820856991411 758.2010024474102
3 76.92021226882935 102643046.31455788 -265.57943293582014 -320.96815618348967 3521.406256407141 413.8783871375682 136.15330466443683 126.27248663019952 614.1322337633151 814.1029456299111 1081.0632289247815
4 107.49280142784119 82401576.36313006 -233.07681913326016 -335.01921112686983 2119.3933165308435 507.0746174324592 199.45719990232047 159.63580520081018 700.5516167495002 480.27897026083895 430.7822388905074
5 141.61433911323547 144810128.37129343 -240.64311733197354 -366.85614892626813 3945.908332910495 564.4651993128944 232.9269640002394 530.9012175818757 1449.810333113818 1340.7920808050606 1551.6181478167296
6 169.80929446220398 136691050.99853957 -316.3300649146715 -384.2901132375121 4048.143654233802 583.0596681947019 246.36156572803873 369.31127580152975 1140.9933484871722 1292.6462823079391 1542.9155530431594
7 201.30939102172852 140741110.97965696 -241.2998801824594 -379.17669389098944 3486.0102379350556 566.1312836492825 219.58553464850544 491.5219427579069 1397.5900457884889 1166.533084317642 1546.3118434867274
8 228.03946995735168 69333655.5076665 -148.68391433621096 -241.88908566778915 1679.1957158677387 359.73656205574935 116.44787709079286 202.8116287085321 749.6819193808974 177.5205770268334 36.1881345658627
9 260.0898561477661 133401414.01412705 -272.4440486738628 -369.0557359987517 2524.0715750817703 533.7179040176268 224.3195231245482 518.4682085681027 1451.3543426620436 1055.4544201917213 1404.328201181462
10 288.29235005378723 132363901.94564012 -253.8987474974493 -340.01790630803475 1995.4208856598386 471.64644948266067 169.65528452011267 232.9123527377618 829.3035876022552 1295.2055911487598 1553.0586759590983
11 312.67140555381775 112972639.94238628 -56.1837851803993 -254.65584099256856 2336.3716226382876 307.71707815182276 63.44848658190137 175.60569042258317 647.5037398270129 890.646346254804 1085.701444323372
12 330.63947796821594 68451431.0467386 -229.21793931467133 -230.48921856295297 1485.5478385085137 350.1573244016059 88.43973427395647 80.45067151667422 429.3086962676557 407.941478241892 337.58200720167076
13 356.5895416736603 63326797.447745584 -229.76880129100854 -249.10255048200722 804.6497449142701 355.90344267998785 102.3557950167561 98.60426806893918 506.65376639850103 311.746317200828 209.12523402156455
14 375.67517471313477 47395956.94380185 -50.04082422390399 -141.1460178911417 201.22816862470884 93.96420838414012 -76.90304456393572 -99.25452777803304 23.667315621487887 83.94631062929807 37.75245082561685
15 394.44761180877686 50525600.02334455 -94.80433285339384 -11.299937475723935 298.42584113559883 179.72855685407268 -8.27086964089374 -49.584869026574665 78.21947296149358 182.66397027123867 120.83390019731712
16 412.5725030899048 38750847.27720749 -21.369581206897962 -67.59292130868323 -13.03989498097365 16.702950936184536 -124.85983863327223 -145.63574340314233 -117.91848947980515 -22.38721419685993 -1.7895452422228573
17 431.16967034339905 38581182.80991863 -7.004212059067061 -62.64722174814948 -20.23481412141495 -15.246637474597037 -148.44857993086026 -145.82116972514387 -125.51901979552724 -21.010559743659087 0.0017524567367672717
18 450.70070123672485 39372717.80181226 -36.32985492779866 -96.27730367397581 24.81406061672913 59.39558109884416 -98.78330137196347 -142.1248283376554 -97.02892793349355 -15.488193498893622 -0.5262514807493517
19 470.14635157585144 38510417.28268083 -4.571316851205717 -65.25126563518856 -18.90848513661551 -14.786274459876722 -148.3647296315557 -144.94248361654599 -124.66247035394463 -20.026478309779122 1.334384268174233
20 489.188218832016 38696441.17452763 -16.376627479602686 -66.91319333445892 -16.093140877101106 -13.386218286726077 -147.0003753558151 -146.23392270066245 -120.45925009447461 -21.601120076722168 -1.256281377944731
21 509.35806608200073 43040436.54803305 -24.108868769390043 -118.88162703444546 33.99539428631513 81.15223959726143 -81.11787231951762 -135.16019914796874 -43.00254591052504 13.418775045703228 49.78830586107108
22 529.5166425704956 39268719.69378212 -12.121939478987558 -71.76425434348282 -2.6157529951401486 49.65539968748311 -104.68177565201232 -136.70218045848924 -105.21737792351627 -9.093639385728068 14.49041016032129
23 549.623916387558 42254865.05606065 -49.29348460923111 -101.1546865319833 53.86801052289367 129.19851857245047 -39.74829132789891 -133.95277712083623 -41.34253408092019 -13.447009394126098 12.585975797720721
24 568.6174340248108 42867517.76749751 -8.331610513326682 -107.79388652879607 23.201923780323206 76.61125458672223 -83.99555948147704 -135.9927476994509 -51.84737398115573 11.359591878949573 45.445951145480194
25 586.7208650112152 38528934.29224716 -3.353618657670671 -63.20681537636886 -19.419931271333624 -14.936031627641995 -148.38495174227268 -144.30141163317006 -124.41082111871145 -19.98384561612727 0.4264305574932905
26 605.274209022522 39013620.378715806 -16.34788344370616 -61.61351701045221 -14.823274167206328 4.525109720321211 -133.96274161930143 -148.4447170276684 -122.26355194174937 -22.69548520060664 -1.880425428541173
27 623.6267926692963 38679325.34036004 -17.48676975940895 -70.56220400187313 -13.970268383813512 5.150556777045949 -133.97070081750257 -147.6709323532565 -120.1134232546857 -21.933052039671622 -1.164211750582865
28 641.8575828075409 40086454.490947746 -5.5281761032544825 -53.74820036968066 -22.60723897270882 13.477426969065931 -122.3994598103002 -143.4875402778179 -114.51784382086743 -24.802266518974193 0.7781431387461453
29 659.786917924881 40479697.81568438 -42.37651947814999 -63.56284349685401 6.856418906267194 128.41471201770844 -46.25433120252517 -143.42945852752325 -104.52133509510259 -17.189474596628656 4.813655688783967
30 678.6779942512512 38952389.48250393 -36.900039149755244 -80.70732963630789 -1.9631175015524676 38.59584944269737 -109.41122813276883 -146.43649305593232 -106.87787174816106 -20.515770989964437 -0.2982982341461593
31 707.9347562789917 111138636.47373569 -151.0666450335833 -303.5332495875855 1699.7012472113827 377.7368500549686 112.64130451943227 281.7534656061812 907.7225589295738 900.3654953358187 1096.8417580847122
32 728.1957719326019 38970020.26071367 -10.545845631133957 -109.10325219148372 21.22665734312052 105.77357347519111 -59.64723004887743 -144.85177727125932 -73.31083505402506 -23.190093255113993 3.128855713758128
33 746.3147919178009 40082903.86033959 -30.406003681783737 -21.218253073071917 0.4995308839547974 81.45955427289343 -78.2534016225157 -137.88251811238064 -112.98905058748272 14.488595119321758 47.168041210899105
34 766.1985704898834 38960771.03874327 -59.21312786064341 -96.65134040695945 45.595918590720686 113.13101785319134 -58.91403741963255 -142.66375255659682 -76.58650070691931 -7.528645736932958 7.9369794872490615
35 786.9101626873016 39966241.12847634 -31.295899845056432 -79.30437163533257 21.513403380974836 45.71354966490581 -103.42105668372298 -138.8001834768989 -78.14088496715948 -21.28725220102592 -2.208912302350143
36 806.9552114009857 38970764.56979244 -5.391810023380227 -73.14248456472633 -9.442355798664146 35.66166040491461 -111.063712473405 -148.93114613964656 -112.58142611367532 -23.379362631784943 -3.5386515704050794
37 826.5125546455383 42684650.92437191 -40.92814234853996 -7.645055125016668 28.954816733941065 151.42754089535208 -26.738935037554455 -126.620599945339 -81.59298382214422 47.02670056933039 90.32448191222636
38 846.3318564891815 40795476.10589861 -28.928045974296204 -81.22229950238919 6.86487939491775 43.039675878475464 -105.97631390957214 -141.49657114592554 -92.92835249549461 -15.480656168189114 10.049927030394201
39 866.0647346973419 40952484.4507196 -4.779401668817778 -45.053589836619395 -4.694164610737822 31.855630192670368 -114.01750209428721 -134.84413937095042 -106.98000911766559 -15.337684365873997 8.368992956771308
40 886.1431260108948 41434174.22003778 -34.523319163853515 -123.1064072733856 33.85896917068184 82.77795624527513 -81.44127981091242 -142.8931404812788 -67.4348094588035 -3.553568446629754 22.78042934926566
41 905.256450176239 38440194.08698746 -6.477787603215955 -41.684205145354895 -30.476274319759966 -20.045669939478913 -151.5823798048675 -141.94187858446867 -136.13326469893474 -22.441736287219612 -2.552749540056027
42 924.6981387138367 41407468.61187121 -45.50546077265215 -24.009769531478458 50.637439535710186 105.9674194915866 -60.84855057081592 -120.95334958165256 -78.38957244258944 31.97976927035586 51.5389503955347
43 943.6839916706085 40238272.54198368 -15.871492541660055 -56.71745322161567 -11.760051737702291 18.144281981522198 -119.38600647675412 -140.43984955616475 -107.27311448074005 -23.390687957724822 1.9835094296529974
44 963.245436668396 40086414.41569112 -9.67751108681833 -55.20514040485616 -19.117575051268382 15.09051076905746 -121.40407900094777 -142.89629985462813 -112.80843038929021 -25.220429217628578 0.40538310649816367
45 982.4392495155334 40081113.695241794 -11.48190869437149 -56.034301494667744 -16.216511534344363 16.465219531279047 -120.50191896526943 -141.44755095138305 -110.3824342906986 -25.21368974691535 0.15507416982825362
46 1002.7935228347778 38923090.4985742 -3.9176192355124417 -52.08959714038753 -18.829848540899683 31.374547705270757 -113.95926208085874 -143.91269634568886 -122.55590737663584 -22.979452482868567 -2.89830864843168
47 1021.8166573047638 40030722.14872006 -9.05914535417671 -57.30586120180211 -18.84966045072281 15.292090119020344 -121.31052047259415 -142.54617595099973 -111.8423040254695 -24.73331793769171 0.9576915745800534
48 1041.7222802639008 38454973.11232408 -2.198272462658629 -38.49771275022538 -32.45284030668245 -20.957365257146066 -152.20970246045914 -141.51230067431322 -138.43333834867872 -21.810451864486026 -1.4954079681189683
49 1061.8790791034698 38513812.396953955 -12.935780539186025 -45.98941756309367 -27.59329559358801 -1.095350734822432 -138.13418183205755 -143.00096760679202 -133.5847644206171 -22.609521092907244 -2.162756017077129
50 1081.881362915039 40083260.23343799 -32.030058338301984 -58.00435045665499 30.528411891054056 94.31219984668148 -76.15957447032142 -113.80933902581313 -79.59155198423463 -11.24063070402508 10.840487773164341
51 1100.3199908733368 39340301.04267027 -9.06439756686224 -43.19502055622935 -15.834053287280646 -2.5034778727346776 -142.78068973666262 -126.06589157308656 -119.88195270031116 -1.4688939965085979 25.117449825401764
52 1119.8056428432465 39935875.27555455 -27.609570918283204 -65.91640615445392 -8.677528201917276 19.88807758653102 -122.26377703072816 -140.750618052971 -107.89420570405412 -21.6822190035316 3.276377365602457
53 1139.3167626857758 39266141.136989154 -10.755968266452356 -61.58437272669913 -14.14780822740883 15.044044687391533 -130.34525005717572 -134.735980318285 -117.75612523673482 -3.6655587911594694 22.624533001536406
54 1158.1276648044586 38422178.493657924 -2.6939673778640447 -49.480075583981254 -27.560454543279086 -18.863265378454656 -150.91992428303416 -143.32213853843456 -133.53751491637632 -21.98441006012922 -1.1286318284745107
55 1177.2729494571686 38425718.52315665 -6.735658831210731 -43.46251663614193 -29.28462133318571 -19.222643216747514 -151.14414614788126 -141.29879979367416 -135.25469471269736 -21.817165336030428 -1.2737633114061282
56 1195.4108309745789 40174494.744270936 -25.999691719879834 -67.13297200902173 -5.90179792885035 49.39280870133584 -100.11305548488062 -142.38473473603176 -103.62299745206616 -23.76354699428464 1.557232728332849
57 1214.8372728824615 40030309.3283816 -4.400940782723582 -53.42116805537422 -21.021746176933185 14.500256848425863 -121.95743232756348 -141.29477195253605 -114.09909588886433 -23.743880746552918 1.9367662818273743
58 1233.8719775676727 38471886.614625715 -4.332837045033191 -51.14894075949575 -26.13166156451212 -18.36885504058641 -150.588053434676 -142.80733432907442 -131.06654372001867 -21.246858379264722 -0.7556898536829522
59 1260.374371290207 60840581.52187583 -94.03481569042886 -79.37406933255818 684.4818267074285 287.7556382774504 69.65943267045498 151.40035759356613 553.3575974889818 119.54905068918652 184.43602627226596
60 1278.4217863082886 40336385.87050078 -8.133045457570471 -19.72193934201108 -4.2013955228693405 107.06382559129332 -61.503362409538006 -125.50633698437025 -117.35097280889761 -17.98687944498107 2.3690479919354175
61 1299.9061224460602 42698949.00687085 -2.2320930401912076 -9.435543732386625 28.294332939456666 61.34433341801103 -90.0386452912486 -126.87071617490079 -88.97163730518935 44.99359510207955 76.74182059221744
62 1318.5946798324585 39774306.230685376 -8.08708715456404 -31.123447961454733 -28.176322725644297 11.260896101532673 -127.22504798958369 -138.40244685620502 -121.98158190506052 -22.396071661569067 -1.5968040141760298
63 1338.5438616275787 39740043.67116059 -1.9639392409065515 -48.07530382210638 -24.99360409250648 -14.730602978570161 -143.79192692161257 -137.8028614234193 -118.37523371201496 -23.92577113711883 2.699967299159539
64 1361.2084424495697 44612423.95611814 -75.72076685201654 -162.85320481990698 170.0959169582805 205.11524743062338 -1.884269161542008 -113.59788936415254 17.76770300467865 30.865525778659162 14.841212486726931
65 1381.5577464103699 39738398.93219078 -11.738250448152272 -47.05294727276053 -17.654421181774225 -11.477169368567687 -141.57414814131442 -136.83211989839282 -115.72722719865772 -26.114292865795107 -1.2335626246170932
66 1401.6724240779877 38402478.28783774 -6.325747006812705 -45.75611632240617 -28.404546654309286 -19.148766020369678 -151.18395196791073 -141.05634985312565 -133.99385847407387 -21.13112649964404 -0.9963099271466831
67 1421.4988713264465 39642549.94765727 -6.094745506681258 -47.88758785572607 -23.740335565595302 -14.370323479969983 -143.52537350205017 -138.92124177356015 -119.34554993039535 -25.885943417773376 -0.7645576347778729
68 1441.0356001853943 39638426.3682763 -8.943547790658716 -34.99597317964396 -23.80323908717297 13.947578008133306 -125.75173452474692 -134.94434740086024 -118.24308027923558 -21.793915021095586 0.10967247173766737
69 1460.7038531303406 40183616.53842467 -16.56323615053626 -66.50991676091013 -7.697572256602392 20.779804269990194 -117.8907228745112 -138.02285183906315 -99.8867753086057 -21.278575379928384 5.228201582809618
70 1479.6955428123474 38401972.489668 -7.573435265892941 -45.63199161230844 -28.22654384976905 -18.964726945462246 -151.01230317549098 -141.31464363812893 -134.06202366402226 -21.63487550037422 -1.2299727059124734
71 1499.5191495418549 39801823.423427194 -2.201327237965744 -43.718624247348224 9.906578594268801 51.35206825626129 -100.42010275840589 -137.07087316918398 -103.35180119081178 1.887062470316323 22.98981262311065
72 1518.8892381191254 39726576.872013785 -0.7858916748274538 -47.3013211141889 -27.259615215546326 -16.05126297196783 -144.65849766096505 -138.922610501081 -120.48324760142327 -23.780978581448153 2.390998213067462
73 1538.5864913463593 38572049.27425738 -4.582489979100446 -64.80432669908538 -20.24562074325248 2.1121278800724355 -136.11835688830354 -148.7665198020294 -127.98521469935889 -21.897319740318437 -0.6897345442388882
74 1559.2433903217316 40231565.00546926 -49.59174362154866 -65.97902498346077 46.46298036393212 94.68814263018182 -69.22635149213303 -132.56054977583625 -72.0992388820855 3.8404064093773513 23.932334568024203
75 1579.4345972537994 39634027.74208401 -9.511234683218031 -44.929620460465024 -21.680889265412063 14.826831927376162 -125.56992003095688 -139.68822187785554 -122.61723591617516 -26.16807886987675 -2.5852937049306774
76 1598.0609040260315 39691354.27744855 -16.13600456254598 -53.9362567214118 -17.0136515017566 -11.62440835763401 -141.74160110412623 -139.67465197594913 -115.35311585514103 -26.074909334735878 -1.228493770985665
77 1616.3275964260101 39638642.17129515 -0.5914055589621459 -38.99105824600872 -28.111812803210995 -16.32144155299457 -144.8318069065573 -138.81753246568036 -125.49055384440646 -26.57895296487783 -1.9402308209653825
78 1635.6454570293427 39629048.4694176 -0.5136929329611313 -39.658935924608826 -28.059117255269058 -16.243846628391722 -144.7592446451439 -138.6772285571878 -125.08699527329941 -26.246077714945443 -1.150594815511738
79 1654.5490682125092 38446753.14346332 -1.1811771738285124 -46.67958953759071 -28.815492082022992 -19.38315187400211 -151.1983130990126 -142.95063323991855 -134.33575547305776 -21.8424304572751 -1.4466088476439722
80 1672.8217079639435 39623198.74744212 -16.898149269092443 -57.084826574741314 -12.692154642557902 18.81348960545364 -123.31419893012098 -137.84562661700977 -114.9509409636222 -22.758504915070887 1.7780114950184611
81 1691.8169240951538 39500434.619404696 -3.343155587268715 -45.604913593835185 -23.707060014889322 14.305360423611646 -126.15035448438798 -137.9380331024825 -123.45076654928312 -24.795394189198703 0.15138914105818913
82 1711.9008984565735 39476418.320785224 -0.396672419891793 -43.31121890498542 -26.24914719283774 -15.20411842952825 -144.30745396077086 -137.8807839851283 -124.07860982235485 -26.043073303941924 -0.8802779763374247
83 1743.6001043319702 118924163.29843009 -1.4459949754396568 -244.73285730115063 971.3853426814645 308.16340457420137 64.62562780127033 235.426016213425 754.6030048910973 982.1231092249836 1289.0839893737152
84 1762.840832710266 39898706.674587436 -7.632851661982311 -40.306936532474886 -17.67355561952941 16.819327524067482 -124.1026688700666 -134.98748512129185 -117.31530215334038 -24.134243562476627 0.49449256701581135
85 1783.7602427005768 41292362.83203816 -0.303387788677032 -46.44626131915871 20.226746050227675 67.84446867027165 -84.98833321780096 -133.9232657421192 -79.59962647425436 5.7306747027365645 35.332811193574685
86 1803.8843913078308 41195234.77574736 -1.7238814385339953 -81.96634720351975 -6.734628978587629 21.01736665654751 -114.9822986428097 -147.91876053253486 -91.74893002526039 -19.988507848271183 8.332781915754538
87 1832.4379909038544 98119875.00438343 -79.74670292106431 -219.45411035415876 478.98571538200537 229.5532263087404 24.146003175992533 87.23701789313509 480.4626450158995 684.6749515820834 906.8425689991104
88 1852.7729036808014 38767527.375927314 -10.069570239541678 -57.21324130101118 -15.799563845453697 -13.074150941057155 -146.59058281220956 -141.83706285781273 -118.71584394175346 -21.2254428152101 -2.0937724131339905
89 1874.6687817573547 43401225.31371934 -3.2600244295264336 -83.01194196895457 19.540073654479123 88.5994769090639 -69.21684364758812 -138.915704588428 -67.27241587483633 1.0026231065728552 32.8696207638576
90 1895.163372516632 39375713.26782964 -0.39539334347052346 -44.267366002997214 -22.614952971991585 15.122879894406047 -125.87606612166947 -135.59018981103424 -123.68464367185163 -24.179932957536096 0.10199061579322688
91 1914.6050465106964 39527321.33369186 -0.7375835006608522 -46.77294525520161 -22.376496346552855 15.319763806625716 -125.70693163618945 -135.37430611864755 -121.4334069486012 -21.912141146895408 3.794507605813976
92 1933.939531803131 39529337.350735396 -0.5259414666637081 -39.98476128838483 -26.045927687116 13.542105033516634 -126.5655932579496 -137.48716302381172 -125.79850490477645 -25.48845681414724 -0.8515895936186553
93 1952.9150047302246 41040826.13526475 -0.9819262883379221 -24.377238999012043 -13.182758511262193 74.53129086345614 -84.49567837945209 -133.44484528339552 -116.35830121791918 -15.196808396139488 9.808887648140455
94 1972.5307252407074 38860220.85874779 -19.42851208204229 -62.59979229400404 -10.379593873782213 -10.319104479299327 -144.74209457332617 -141.23883614180647 -113.36415243443201 -20.666032305781187 -1.356610320023151
95 1991.4447321891785 39650002.27160175 -4.172861853731902 -42.99721673928253 -23.608885741541897 14.423324926243097 -125.94657777841118 -137.85815274661212 -123.21635591317664 -24.537834708749983 0.7108795354589006
96 2011.3626651763916 39527489.867169894 -0.19496581702606974 -42.22314314266681 -25.446387145242355 -14.759022204105051 -144.11904898110166 -136.87111517020975 -124.21930261459926 -24.748916367830702 0.6974465590850514
97 2031.8940858840942 38816472.96067019 -7.149019471691766 -54.849208089060895 -17.36529450776591 -13.793986958113962 -147.05440277527532 -141.7108588048804 -120.21812249743425 -20.580117962720635 -1.09819408325626
98 2051.2970712184906 40009899.93075428 -0.5412899257312169 -46.0183246823821 -24.02785863144836 13.778385497352268 -122.36268750026125 -140.81996576381493 -118.27346404360458 -25.059939048321553 0.6150916314884967
99 2072.3918364048004 40002974.395151585 -25.929483454859728 -88.11450956082636 2.000343249114316 42.827867575886536 -106.32711668740598 -144.42577245126517 -96.48025621289929 -20.803971956464466 4.914280488891507
100 2100.2710926532745 132823066.89171691 -291.5448744329848 -389.2423197322079 5071.503452071313 593.6019764836351 255.02106612523517 348.20623810734094 1115.741882863734 1162.9036170614881 1537.7152124557447
101 2121.7031795978546 38782994.67597425 -15.560463725648146 -61.95557695442527 -12.596195720387435 -11.665899574783879 -145.7025734182022 -142.51424081867935 -116.62493271158792 -21.01659802849423 -1.293818729568386
102 2141.3733892440796 39465513.24859779 -0.040605381570012256 -43.97022940769636 -26.366575916871362 -15.370249645257573 -144.50826438353573 -137.96318665043043 -124.49803128062587 -25.51920850079813 -0.22606058960741393
103 2160.5369176864624 39096971.32965297 -6.5342310282745775 -65.6298215142205 -12.336562811991534 62.64816957153599 -90.93030065137084 -148.02795655288605 -115.47284046463778 -22.53246456793005 -2.392888952198348
104 2181.2891442775726 39588535.14500673 -0.05801614411942957 -31.10871126451542 -15.370191097503486 17.65289869384125 -127.54319096518013 -130.40315890174531 -123.65567076344433 -22.55495204086276 -1.409707093735335
105 2201.420445203781 40160587.43272098 -25.159869558856215 -50.23608567351563 -1.2920402352996874 79.9746382177529 -81.41605882882303 -134.45505623097353 -106.61558575591931 -21.769229417184818 0.37895068208359817
106 2222.0183153152466 38854138.948525235 -14.188666280473287 -75.13865551657597 -9.278339714712324 36.11390798725124 -111.0033825101269 -147.5462834157192 -112.57931302485719 -21.627520968869874 -1.6501867428390256
107 2240.8006780147552 39522994.99914177 -0.9304661327453072 -27.949075081526335 -28.77391014920555 11.967685981971663 -127.06412737497278 -134.14201012708298 -122.99923919937913 -22.508578338575262 -1.2474633238509227
108 2259.740409851074 38818655.15433016 -9.97466146568229 -53.33848569355093 -17.738550904262006 -13.69954168633653 -146.90346310499248 -142.15670943262546 -121.19548918079585 -21.555076880482375 -2.00459004237365
109 2280.318894147873 39061036.225099936 -26.339044169896482 -73.81757943811057 -3.4962640511135774 -7.760916695955714 -143.21685243861378 -141.32319761574462 -106.20350472923593 -16.71840568677095 4.7103154666259
110 2299.224088191986 41169132.43030568 -4.051360454013556 -28.421440939343533 -18.054158779704352 72.47405787620178 -78.26331624353217 -133.60913568284008 -107.24014514491336 -19.58315093182688 7.515225422860794
111 2320.3376154899597 43989307.737431936 -0.10676627953633044 -39.798529139593626 94.03266604638324 58.170328115507935 -97.98465281256188 -91.70988871929143 -42.040495523020354 38.48091174782883 31.43176211552725
112 2342.0212712287903 42270521.53920441 -8.958959663003917 -36.970024873502744 43.81978513831466 45.15890405931379 -99.3624095413987 -127.52963311036683 -71.4478857105367 31.099892232730667 54.94153116012751
113 2361.929140329361 39363347.24776469 -0.06386141886141594 -47.214388255062204 -25.382424960918016 12.894177382570696 -127.35405186726717 -139.11372297529834 -126.50360180331614 -24.31587219225372 0.5592153430773692
114 2382.613309621811 42255765.17488589 -19.799845934567614 -26.561416349473774 33.82679922733751 14.069065136882983 -122.17076769188736 -129.8651598906801 -84.78758115750259 33.3293564849962 56.8495335311743
115 2403.38605093956 40313168.27643191 -16.36728072048288 -69.4678202628209 -8.84568071595416 37.82898066836387 -105.26450396551708 -145.38626526131287 -101.56612954675222 -24.961958323234114 -0.04651270887393366
116 2426.329750776291 48955144.593205154 -99.80987146463166 -56.57878364025049 294.0990676049015 185.46362860966752 -2.0294983364645933 -28.607221622196562 154.31440732249882 85.31224065054096 82.11654370851625
117 2447.3217899799347 38639291.50912851 -2.0388919524059066 -53.80261029694752 -19.63507848397824 -14.30241517212005 -147.67336827617208 -140.97206895548862 -124.45668595494038 -21.987170984949614 -0.4558257119710447
118 2468.0354278087616 39427463.23961325 -0.965777136107997 -45.680313153989175 -27.828854306541785 -16.648634130249576 -145.3684514791604 -140.33187430653737 -126.46541473624126 -25.93424253783263 -1.326389930528478
119 2488.354393720627 39368377.813456394 -0.05824403774490605 -44.590519878995906 -25.800371045286525 -15.220672742017129 -144.54445339765823 -137.93558825554885 -125.2239051367373 -25.877777976890172 -1.1941654418743042
120 2509.4301698207855 39401959.1694142 -0.14001330770113007 -46.8329896945406 -24.914595829401655 13.595805590643224 -126.86563065449829 -137.90136048172877 -124.94203040325243 -23.902961511534556 0.8434353221147148
121 2528.66295671463 41361007.160973676 -41.97482892680634 -85.64127767419944 24.05747993587051 89.62046428937052 -68.17549596589043 -134.05524437380717 -58.28441786204462 -8.842264271153965 11.139517981190352
122 2554.1927576065063 80340862.8180308 -289.4930796415532 -348.6129307321066 1828.7351272986252 511.232832210301 208.2461600745424 240.25290031440943 874.7859373464285 433.63084826687316 405.66095526129027
123 2585.6593556404114 138028551.1939678 -297.8024379462664 -406.1935203045642 5699.25717300922 625.8287675571787 273.89147813635645 422.61080342270895 1271.2634088187117 1235.2245079225534 1538.0887020340224
124 2605.675119161606 41453569.31425033 -7.574476563110201 -87.88807593665167 -0.09828752497396209 23.49875096509743 -113.10118834486693 -146.5766807799344 -83.35323789190647 -18.22705849213338 11.014866274507256
125 2626.0865716934204 40237531.11038398 -13.404024673740077 -45.66417412098689 -7.058171848489998 49.90305090844515 -96.17198096122749 -129.70381999366003 -100.70641500878708 -23.819392833609697 1.8909902377286016
126 2644.499223947525 39996225.891413204 -20.61273348648818 -62.391854118300714 -16.871565928369414 -12.853032881433776 -142.40573298230828 -143.05917525541508 -111.7190222614322 -22.664612386605768 3.4835857242061934
127 2663.042769908905 40339550.51796445 -8.847065295409879 -47.71441257369767 -20.697870233399918 14.83532336864748 -121.3649182229629 -138.4147874784491 -110.34433600155597 -22.060971976949645 4.041987979206624
128 2682.268938302994 39897787.997695334 -0.7402757054581333 -17.548167084191387 -31.434857555026802 -19.447610411668606 -146.7988103132252 -131.50943107836787 -129.33150090606097 -23.831639656470713 1.2632980893888544
129 2701.6181774139404 40605402.1546689 -5.72455631236298 -35.94223791924341 -28.368353359990955 -0.9632848197695978 -133.243552309142 -143.39492976850875 -124.38146228766277 -19.553574502826734 6.717641723551878
130 2722.0339846611023 39673597.60173401 -0.9599977093813283 -32.89412826034058 -28.76530350665555 -17.19633012947307 -145.07985915405573 -135.1918924911622 -119.7456167574723 -18.8819094754694 1.9491692126699718
131 2741.3545410633087 39597081.73099602 -12.806075849828568 -36.658615864609786 -22.06449441593002 14.48431163291658 -125.47281844082437 -135.68447698750924 -119.02505902815068 -22.45164171034378 -0.4987908255656066
132 2760.571384906769 41208253.50894761 -6.047262600289686 -30.733250269697407 -13.141791948096959 45.62126732287955 -99.94597320422872 -133.12599562033682 -107.39262912097502 -16.370817694670166 11.27272357086315
133 2779.02264380455 39892309.750283875 -15.699487258217674 -47.58810630644699 -14.231653192494313 61.963966167623866 -94.93736937028784 -140.9927674570888 -121.51197956536475 -22.315747360345824 -0.5418474591365339
134 2797.9823229312897 39956135.277060084 -26.216513821766185 -43.79641960465264 -7.836103600027592 19.391679295886192 -122.84306491259773 -129.53573130666035 -110.79790522252824 -19.534465702025614 5.396163576060985
135 2817.187595844269 41705060.7116744 -9.9616210620206 -69.4547887958026 0.3403712344261507 50.08532972884309 -92.89751238688645 -144.26795364025298 -84.39969362457117 -17.14677959747928 10.985491024435476
136 2838.4739735126495 46824950.27620105 -32.79007493987814 -104.38820216207759 72.21117667843203 141.61914329192456 -31.344246302674232 -119.58023484096566 -10.36862479473865 -0.6151163917176632 26.61784268803524
137 2857.767824649811 44360090.961240165 -1.2951099667577939 -43.14780012186296 0.4137923471917304 48.06659980896849 -105.2468129458215 -110.77908036867899 -81.68176620180611 33.59149999466547 71.99780790660543
138 2888.0727529525757 115462718.90207155 -43.67849212018042 -255.73854433205798 1693.2721848530264 359.3080303323623 114.73877730708335 326.2812824711111 1006.198205582733 769.0270696567188 1015.7192519788064
139 2921.750995159149 112248333.25806223 -262.0877545842649 -360.3922072397002 1781.3268046081064 502.0032942927044 199.42066140546484 348.88382351838277 1099.2582279801263 867.2246611623132 954.4090005788191
140 2940.6462264060974 40378323.825967744 -5.9582916679662965 -58.27169155599037 -17.15694750521034 15.957116459029479 -120.59757216683178 -140.31119405177895 -104.82324670409815 -21.70152851367675 4.719783747539225
141 2961.0712053775787 39423240.049320735 -0.020631751527567133 -44.33142812947283 -25.811914716440228 13.29946496112629 -126.93827256443717 -138.04141622287153 -125.86969954266817 -24.681987110578916 0.056173688706678604
142 2981.544355392456 41566543.987716526 -0.6391941114367636 -69.5297593556228 -5.604019076820485 21.866429028753117 -117.99732270086807 -145.89267038816575 -96.29501916956428 -14.115670596216717 14.214804702855986
143 3001.2635724544525 40351514.462539636 -9.698229848405306 -50.545149862069614 -24.95494355149342 1.5228564445197605 -131.24311537863252 -143.73724773275603 -113.22211873249665 -23.652972447544244 1.514130722960374
144 3019.364984512329 39635645.15937641 -6.004880504398104 -28.747463903750756 -26.6698107847645 0.49833094609074635 -133.02764793225296 -131.59835334109215 -124.72201054363433 -24.760811280058135 0.25014539504496724
145 3040.7223992347717 40673230.948031664 -3.841713470987555 -45.78238586840744 -14.021536829144964 35.58709046842067 -110.30053919776654 -141.38301712879218 -112.81190768750457 -19.938907118247073 4.817380744676598
146 3061.4254627227783 44573000.920538485 -9.154833045224992 -94.57034260343654 25.509109352452526 86.09188124326802 -74.69281093614089 -134.54259397460078 -64.02463189297691 -13.10782654570994 11.622191416641328
147 3081.762147426605 39345843.79099958 -0.04517030981728176 -47.79938722159047 -26.778227046696777 11.907274584308922 -127.90701978224666 -140.67178569651668 -127.37907660950208 -25.779538865002905 -0.7872986045839525
148 3100.275593519211 39383494.59650718 -0.001184043635435117 -47.66773673758037 -27.347286289420417 -16.8369179723459 -145.6548302684992 -140.30593851980922 -126.42298929631829 -25.4273365715851 -0.7587886118860183
149 3119.7901482582092 39385136.65223759 -0.04334252965884566 -47.562353588557016 -28.185525428186004 -17.446788194512095 -145.99586106051188 -141.21363194519472 -127.03899303044022 -25.89200631227874 -1.4042433906054157
150 3147.26087641716 108944104.1116821 -27.21193888483144 -206.1090636710674 4850.050607888728 412.84634012192754 130.10519548383036 297.4010559007278 828.7191430060063 833.0957165231073 1087.2510447951709
151 3168.074711084366 41408395.72240571 -6.497507153480912 -48.16099714469291 -13.476835742594417 17.512303262300392 -116.76473178705828 -143.84543721454617 -103.42871854220539 -19.24002264533027 7.6543519603364985
152 3189.004298210144 40494447.41664621 -18.37993028538062 -86.16007693837057 -0.22599151575322196 41.85760405677581 -102.53168168388835 -145.6024221292044 -88.53223439341559 -23.165500979160527 3.2261925490851695
153 3214.749438524246 60829727.918281846 -35.06139036138846 -181.9341621144729 172.58821102232858 105.30621301181839 -68.76964355017206 -74.10294223928452 106.41329190506508 257.97666979205985 360.6072768538369
154 3233.7759845256805 39765583.09873296 -0.5309644060064063 -29.132729774586096 -18.431890396392127 -11.865381338244703 -145.48959865615652 -131.36591951907423 -122.65156095584331 -24.025242993343454 -1.1101938651830778
155 3252.75790143013 39513937.65952018 -0.3053489694065341 -30.448027913638736 -32.21205524888125 9.920991307069968 -128.43330046740274 -137.31870790352184 -125.81197161300594 -21.86387963575703 -0.12723352395761367
156 3272.227936267853 39691581.29685605 -1.545319665549103 -22.523188322625238 -29.240955437754387 -0.6380939072394511 -133.73480671934547 -130.72517285845726 -127.65955445535292 -24.55736859331654 0.6354158106069008
157 3291.7071208953857 42892798.0608817 -6.780707316294539 -33.78454304084037 -6.792176471431112 48.861850682066034 -93.44853071159372 -139.67024284548836 -96.86258242187154 -6.608187780304149 24.827348310213438
158 3311.4356429576874 39057851.12544326 -4.700823776272536 -36.04714876637311 -28.4115467774255 9.540433887940267 -129.65730247436304 -143.24427713345204 -138.08246339123014 -21.18646012578745 1.8133443805434695
159 3330.2249829769135 39776254.32062674 -12.76024659488924 -37.77974387594051 -20.3364389750921 31.836740355176765 -113.69977719533527 -131.3180282422813 -118.90953179622687 -21.23823391153917 4.435802134381959
160 3350.6334688663483 39657428.361750424 -0.08549105989148842 -34.82953799316018 -19.96957018893204 -11.904690011326096 -145.49021420562832 -131.7948631640026 -120.22244631097692 -25.1376264123964 -0.41227079620796303
161 3375.094613313675 115073467.19479421 -334.48810589033707 -381.09001461640946 9331.998555975631 597.8419103472525 257.41078243036714 336.0420899058814 1080.7429327098812 976.0093106506613 1076.9683643596777
162 3393.8178091049194 40156340.418264404 -32.19048316632718 -74.31756988250578 -8.278259347045058 8.750095455730332 -127.40576093440382 -143.8947168252696 -104.36442524707684 -19.660893108752816 6.66283482843852
163 3413.1607332229614 39385862.39196005 -0.015087960210182771 -46.84064958320329 -27.646966498189236 11.495152837919022 -128.11033083750553 -140.90266518826166 -127.56192895334249 -25.635709793347758 -0.8531934519380115
164 3432.198011159897 39619407.082340725 -1.7569936249649079 -27.94016461640961 -31.411438721286878 -1.4935703179468476 -134.22213880730737 -133.23381506888086 -127.56438135768099 -25.404175417590352 0.24878828555102928
165 3454.908420085907 40101223.662877135 -9.845296203571865 -124.68063958788402 50.992138328663074 129.0241416074636 -44.09480052008466 -139.40283791851977 -46.3872471822113 -18.63926629830638 3.0196771826799704
166 3473.572491168976 39902129.704040684 -0.9716791474860198 -46.870619787047346 -33.08500125904758 -2.2954645405114036 -134.00104926762324 -146.4607313636697 -123.67359349699484 -27.418833997039485 -3.5967378034278568
167 3493.653733253479 44690229.26761081 -13.883504414317319 -22.47057639803323 90.66589246147069 88.07051247174836 -67.71787830533044 -97.98098630901734 -14.830457460001924 44.07833431247968 76.9445057301649
168 3513.870908975601 39875513.2142823 -0.4156709019864806 -38.38145088353029 -21.16328463033434 15.369398198543998 -125.29521628308542 -129.1589990810749 -112.67914209268156 -11.014737243641662 12.476570266786553
169 3534.2141857147217 41128710.640549965 -12.239673989948434 -88.70163678312586 28.83419654130261 118.17489117863602 -58.18601726921801 -123.59975227826277 -67.71595250734276 10.833812501145246 42.431588530099816
170 3553.3152344226837 39741800.40658303 -2.8561587902043346 -54.927655651350754 -28.978976521872674 0.07025551217181203 -133.00369732088328 -143.5214035595086 -119.93805873450958 -24.09982042363231 1.401531124673852
171 3573.577898979187 44785123.32825016 -3.0997085224845193 -38.401157255674924 5.326820780862306 110.76558275619108 -51.4642562629098 -137.62819360909458 -84.44956181371293 -2.0230227924212727 26.21652251500325
172 3592.7068178653717 39219065.574835196 -10.476124365021157 -25.31362070739626 -30.68689446744809 -19.34368910497082 -150.37429735838725 -140.21031491609688 -136.33072864714342 -20.932454535531235 0.8409559480408006
173 3613.588085412979 39332333.98922947 -31.492659697722438 -74.9492860430927 -4.782607827247048 38.61383847367692 -108.90618576978838 -148.16626023505876 -108.13401174979055 -22.19563056721131 0.020191671851250703
174 3632.887222290039 39515833.27155075 -6.740710926531124 -58.573015646080776 -20.865140650802253 2.753842548234516 -131.9048741351447 -141.37768333696243 -119.55525884290029 -23.343035912501932 2.11352081258957
175 3651.7540051937103 39499652.14037233 -4.373962998400218 -10.094799111966076 -29.358343537432113 -8.422620024105612 -141.6998543143509 -131.2443129198404 -133.94122586800017 -18.77766309238615 4.670002110081157
176 3673.615267753601 44712603.58983282 -55.43801413618421 -43.85438905788918 76.75871422404643 138.892725495665 -33.785983420526954 -120.11358692248768 -40.94583996633207 43.882580235810906 80.01573491980355
177 3693.061468601227 47852974.52165531 -26.987691990621045 -16.063608038776806 67.20755358222681 127.93488358051235 -40.51911745291545 -106.70639293675941 -34.6507713449887 59.46662789242134 96.98536523536904
178 3711.7948575019836 39602298.102508165 -20.973354125068028 -75.67259563944282 -3.800927558221268 20.82710795156597 -122.47147400205566 -140.10365403541329 -108.10105808299335 -19.545985150582453 5.947947339952805
179 3731.256559610367 39332627.91988717 -8.044083185213529 -31.463945654083986 -23.382275652635933 12.981829294979036 -126.8997476742313 -137.0305750137473 -128.68229207082402 -19.78367737634602 3.199037985144628
180 3750.1496675014496 39551050.83981774 -7.166588921405825 -53.206942277898015 -26.584515419870314 0.7161656891221213 -132.7806689990143 -144.3003149747268 -123.3993224557434 -26.76322618315629 -2.296496530490913
181 3768.582427740097 39473692.24657905 -9.440242221351767 -58.39841000356051 -19.633828955009932 14.84873171923789 -126.05150002957967 -140.61840966437757 -119.60120308622658 -23.25526965962274 1.771609941836914
182 3787.2924468517303 39578567.804243594 -3.908970723040383 -38.71498595089018 -32.50743961307349 -2.940209659677606 -134.72042553044344 -142.34830615924534 -124.15577102009394 -21.86210118770458 -1.8836834207124298
183 3806.9810659885406 39518185.72521363 -0.6195199687064417 -25.84267060819201 -34.045054708764134 -3.0046137920427753 -135.28584376381366 -135.83141625214864 -132.8504979772623 -26.725902429443863 -2.3056240062260827
184 3830.0337772369385 48199708.918590896 -37.371993247065234 -36.01479204794295 210.5045829746729 143.73322851923191 -27.97482815388083 -53.602720086036356 100.34868106151737 73.85518620617495 103.46008328335074
185 3848.4838569164276 40440584.06802897 -0.8505220182987063 -69.11745637270272 -4.41601294898539 28.518970150474352 -115.04513434131502 -135.59653771022494 -95.18689684448202 -14.349531074581193 11.103243812615403
186 3867.380202770233 39363981.38646918 -3.70193302992808 -8.504951279776957 -30.290048781169055 38.363976359738274 -107.84074330646772 -131.64274806019768 -136.80455772096497 -20.184311881878784 2.495562303208203
187 3888.1302304267883 43043782.121662125 -6.961966877143922 -77.9981884739589 54.74016199257781 126.34503508886411 -49.69956848699832 -127.31033468856509 -77.10539940856893 8.544971597311758 37.287958173974175
188 3907.43421626091 40531916.772852905 -75.2785708512089 -8.466318804495051 71.56413607123925 70.4214280144237 -79.93935741304887 -91.90603299990431 -27.564406240807386 7.874387056947569 28.83624446953786
189 3926.4577083587646 44855498.5296177 -3.6750359801237433 -1.5000506329659502 8.130807010787173 -15.311143809052624 -139.20671202252547 -126.33719226105296 -87.3473339399921 25.91860699799406 61.42498250621691
190 3945.575092315674 41954662.67049224 -6.428823091416058 -13.322438721653523 -14.641397716000071 -4.132992626495195 -135.88439564844847 -132.32011696190824 -111.22029683734195 2.61112090171531 31.86996724165283
191 3967.9230422973633 48669194.210380614 -7.161564212259043 -76.94448327789888 159.27959504730103 100.64369586343688 -64.39806914343009 -98.95232091126184 11.783957286255145 90.3765056180871 145.49468107233497
192 3987.293764591217 37995537.469495915 -2.0835338122852693 -50.68444745770214 8.120934247464085 52.02728602607542 -103.03090795771914 -130.65487323253768 -109.77218239248691 -17.777043751007852 1.6155861637183193
193 4006.8315382003784 38645879.16523078 -0.4795526025331647 -48.70993023149744 -24.84461036115365 0.4852736660657797 -136.86392930997818 -143.84966331516085 -129.7101709303309 -22.881253224231045 -3.091106352717702
194 4027.2457954883575 38932675.3410278 -2.52208369181864 -41.11101996805435 -16.78383943009524 15.858510832623494 -125.04784346164375 -136.00221528054476 -120.84175333629838 -22.656990322234037 -1.979644527614596
195 4047.419722557068 43394920.79155468 -28.358446731730297 -42.84738541862237 37.34823221691567 71.34316776232149 -80.62727010503446 -120.05202410931105 -52.94980593140758 9.039227111261539 39.09013471648234
196 4065.388664007187 39640557.68759727 -0.4930770358817984 -51.29967595558696 -29.194092903174372 -1.036711440629574 -133.82283299499673 -144.08491218194672 -123.65220927365436 -26.091661218339937 -0.8573639143219225
197 4085.979090690613 38966585.50783865 -12.00343170591964 -70.15139832198915 26.393816034449486 89.41038613376641 -80.08176817303885 -122.0624257389091 -87.99973938959965 -1.3159645508434892 17.78084032361187
198 4105.378357887268 39288411.69081363 -0.23437196838432506 -35.766097626267225 -32.542089957984295 8.904762143114084 -129.46373543275973 -139.31089372862687 -128.77525302492086 -22.767397881340685 -0.6803702771213693
199 4124.034804105759 39675665.94028178 -1.0383586633502109 -52.66095072967825 -26.430922417435248 10.557571918600196 -124.61473122070015 -144.81259777287545 -120.88851901054164 -28.150208620490787 -3.793249642101955
200 4143.739871025085 39333062.96374814 -0.9858699598473439 -58.315366088014734 -9.239899249197315 47.36882018115235 -102.1526359605405 -138.796346801337 -112.40963832339526 -23.689547644128083 -1.5603592597634588
201 4163.099145889282 39895253.438753426 -2.9655492671799255 -41.62824346174487 -12.924550064282634 -9.66551069432964 -141.05835701130528 -124.95084162636266 -112.02268728967738 -20.783672778216953 7.374512769984619
202 4181.078719854355 39911130.00444799 -6.412009099991154 -12.236365555115702 -35.66203869981242 -39.07665574630015 -158.03264602070666 -135.3582989963723 -129.73736731830093 -20.571173607834623 -0.6365040484654969
203 4201.326202392578 40800665.88607236 -0.6547482236289746 -34.1918892990508 -14.933139227636609 32.87833451711529 -107.87192862695686 -134.30147871253513 -104.67454165340013 -24.329149520295402 0.7028044251588881
204 4222.414792299271 45933043.200412855 -8.924645582850745 -3.4350469454422883 134.53734236459798 89.76431080156328 -74.67967197116809 -91.05680189376528 -36.73932321024381 86.81916774376941 65.21347871220564
205 4242.37988781929 39911475.53978282 -3.074023677365931 -20.689028891912294 -3.936747127771959 49.71876130678122 -100.15145525041086 -115.89585700580216 -101.71467862673308 -11.134454253584522 11.94171982697219
206 4261.192966938019 39516035.9572279 -7.063414694857601 -38.89844330611993 -30.13770905168544 -19.521837929459636 -147.08707615014526 -140.66248775562167 -129.73853335031026 -27.335750492796592 -2.394891829593462
207 4282.02664232254 42647537.22695596 -5.029997452497119 -99.37068964945722 51.29670375815604 124.73193547877636 -45.816466529863064 -134.3844129565872 -41.52897727356935 -16.473203418798448 5.958352166597479
208 4301.807085990906 39146822.04006419 -5.108491065946845 -39.32308143838974 -23.32429350959972 -5.984497617541734 -140.53944413277765 -137.89665188195846 -127.31154803092636 -24.387201405718997 -2.881262083923559
209 4320.8338260650635 39346365.35771359 -1.8536350792201706 -32.97706501151755 -28.203741214437706 -7.829634661557975 -141.79308042756145 -137.28804881121079 -132.62403034777742 -26.940282390791936 -2.9301782489362154
210 4341.010437011719 39718625.742841065 -3.6280075489768695 -52.056121206245656 -11.666498963394353 16.736362529147954 -125.13423825417065 -133.93446362154225 -118.34766846511747 -23.122659242818145 -0.030225985504387154
211 4359.386698961258 39554241.22673722 -4.1952725139012035 -34.02259864286688 -33.090610895829734 -20.846966147279502 -147.93154339452462 -140.3180413241737 -132.40339471226577 -26.998066646303812 -1.9323560340961308
212 4392.31777715683 136434380.86911604 -280.2336263151822 -391.86299181260017 2927.538319414402 578.6613040619796 243.91566643803353 359.8900705486178 1131.571038378887 1300.6016854507182 1547.4112731055964
213 4410.787635087967 42063740.61615518 -5.741081897375212 -0.5181368096776731 -8.914518649583435 23.017166189180735 -115.04700781988919 -122.37014489916822 -100.6139170943423 -7.669301946704081 18.851744649162242
214 4433.506261587143 45696619.10409471 -72.24856375299176 -94.7698116570728 239.519960460294 130.46162323687807 -52.10671555585877 -57.541592379534336 80.95826825440054 69.9777386450877 120.71988241437714
215 4454.479731798172 39006168.30754879 -0.2997120392902257 -37.38142041991686 -23.871295078147448 -16.14294046932831 -148.49565294004307 -140.7237972953771 -130.30407196458634 -20.87623742845301 0.041733173416275804
216 4474.472405672073 38306144.75570575 -6.9074467906389305 -19.815189017124144 -6.810440748675738 59.163280082824926 -94.42021089560788 -131.26704628007383 -121.28275694248799 -8.1173511611251 20.473099328815238
217 4499.643293380737 49802517.776898414 -99.01815601031497 -134.78040180010277 370.89344686092335 231.4179119372377 14.753157366686285 -23.92482483877336 164.94861324735223 112.23462762434906 114.18515075086452
218 4523.07109951973 38241588.68456148 -21.012233955233697 -78.33013965549502 26.116980699270854 48.08443833324925 -107.23327688694033 -140.3603704463531 -100.34163998670124 -9.649264101848644 4.375966979983161
219 4543.067799568176 38872069.22242632 -41.66221350801564 -57.11605749521248 47.83392718786654 56.48747854800942 -101.67718431451843 -119.12283273210005 -85.42894815991235 9.449136047008153 18.363395105096515
220 4562.325135231018 46297110.201091245 -16.015636155668872 -2.9625771574512965 86.5946781223985 107.87959535221405 -60.53022845994363 -93.78128739612839 -65.43915412486996 76.72469592557195 117.8986060714094
221 4581.294570446014 40111380.67738396 -10.53117139729215 -53.52053642982959 -20.485266856083186 14.26440380624959 -119.47148321857178 -146.57095751603617 -110.47339223448358 -21.02810879372936 -1.0193000841713342
222 4602.786063909531 45477702.34913313 -90.84497077472805 -130.99130529069564 322.98379616771535 165.07545842733217 -33.32479033098605 -73.21841376278923 71.35145252622999 116.48321057251542 5.314665675400022
223 4622.578742980957 40539640.47323602 -0.2837279288830974 -68.29507733498222 4.4513759857241055 16.007907317566577 -124.86534748500095 -126.38851698897247 -90.63530678135618 -8.10621712532901 22.803876668827684
224 4645.271595001221 44454098.42135137 -71.78742922840439 -137.95733783912942 181.08647552265086 221.97818338920624 16.33380061672092 -68.02623816356987 84.36136155910754 10.55245395448992 42.60269798729405
225 4665.3438284397125 38375455.06573192 -0.3952133287476993 -51.462192382319884 -23.27032685298736 12.282975266201461 -128.23636313614412 -142.9316609199941 -132.82244654289588 -24.53008139473002 -3.369530348640467
226 4686.192817211151 39219488.817428 -0.6095403860369171 -32.923954416818454 -30.23775463661147 10.107559018660908 -128.79234811116916 -137.32825369825235 -129.63284939457498 -23.51792882151119 -1.6650728789833238
227 4703.315848350525 39040474.98394367 -6.149403643874736 -10.25064019167739 -26.520717523673703 11.01426584290801 -128.64799429443013 -125.00936621313343 -134.32285401419915 -23.72253607707546 -1.476675318791365
228 4723.454424381256 42027730.62672012 -11.811001691657776 -16.189945842772815 -0.31536897450557433 -2.279783628904738 -134.02389730047426 -127.96539255978854 -93.40515028912085 -0.31236681102512875 23.377380119448162
229 4742.912456512451 39840489.67255029 -1.6825532949130793 -56.886440949392565 -24.667616381339165 1.312262260342024 -132.31581955559906 -144.91868134878422 -121.25112698152117 -27.568201201577835 -2.064859219639004
230 4762.054395198822 39034930.901910305 -3.621096397257853 -35.511257820872345 -24.903597650215538 11.823601100454482 -128.07342019202753 -136.88253153981736 -131.02219843530355 -24.48156207015785 -3.1703827475727735
231 4782.832820177078 38354677.333229065 -0.9995312901838123 -22.728891028209258 -2.9818874164274476 72.14026696379773 -88.2862033367779 -124.60559823599658 -114.785919730047 -0.13107733900744734 27.00345935155974
232 4805.866842031479 41363384.10892431 -11.957989944633807 -7.841386517945761 39.875721748392124 23.403829173460792 -113.98700198945082 -112.59799182512171 -62.8793604974133 27.586020627394078 65.20899679655838
233 4841.712451934814 130544142.29459898 -290.46790506827836 -400.22365976736614 10188.411446851691 659.8678064743752 295.9739330029404 515.3680168464206 1449.7691343952015 1105.1389266908873 1243.4080180781134
234 4859.4968140125275 43507332.855471194 -112.79111651237581 -16.65940517087939 62.119097006261754 160.8871137396643 -16.23446337636813 -118.63298931011747 -47.54577583822487 57.11468713383431 103.54887825519154
235 4879.36915063858 47777745.33384223 -88.31892414536645 -64.02766597322545 205.39771525898627 172.13875847805852 -18.692211412203253 -73.50272433857117 43.105421464265305 98.36843892617799 154.9303182585561
236 4898.173664331436 39515029.1844149 -1.5848003187324924 -40.78732048072537 -22.88707417113101 29.904288359503553 -110.98279509499211 -138.16867423211113 -117.5786449399904 -23.203549424152754 -3.1170898670083034
237 4918.229191541672 39567731.71866774 -4.860506873111904 -47.593125184153095 -26.16424823759393 0.006071783528923902 -133.3077093391719 -142.8995736149556 -125.82022197684262 -26.94745639775647 -1.7581426409964251
238 4936.026488542557 41936866.434393 -20.433890863425866 -51.45240858268859 4.108459161726621 49.808877300000084 -97.30781528102382 -141.19098390799314 -97.87449463733867 -10.430824640432832 17.27102246295999
239 4955.740417480469 39768425.63942602 -6.43461346737182 -31.500739441335327 -29.762470646253057 -36.112482047516465 -156.07193915486388 -139.92070411959963 -122.05129362743389 -22.352470071414928 -2.960374019679705
240 4986.599496841431 112547013.24571301 -13.988225343005041 -225.0016511527458 1625.9914023355439 273.7763792491629 25.632553959647804 278.1924032684851 832.1899182221105 879.1845301692435 1109.0044896899688
241 5011.332236766815 41105325.45383928 -9.095048179915086 -134.90063206783546 105.1469764390399 157.8026274660075 -30.804202492533133 -124.43512585989095 -16.652299230425626 3.7356077287450375 36.70784776695518
242 5033.791172504425 48552223.80939887 -28.23734749222798 -118.21093529787349 257.47831431422776 185.72402586023293 -17.193475156190644 -45.76259006783266 89.53727494922293 89.7941970959663 67.22219294114848
243 5059.495159864426 41004010.5444536 -7.461742587632321 -82.34846281986756 143.48883659013018 154.94794153848107 -28.347506172760735 -89.04216430449401 34.671336814149754 7.804738860173359 37.075311385098075
244 5088.945282697678 68212075.32293804 -57.11318000473048 -205.62980076077238 1325.6603554934004 300.6433162430503 81.106733275824 131.02884423371734 584.991651154734 31.844718313870658 11.826187620096562
245 5110.170163154602 40276432.554860964 -11.660855178353449 -21.40194757734716 -14.781447010662696 -2.3059300715580093 -135.70326517273813 -134.60981612301862 -124.98616197804756 -12.721501508335507 12.551307923849095
246 5130.873347043991 40225464.49684413 -66.08969421606906 -44.67099845048671 51.93905543821048 76.30220397997476 -79.61622394406231 -121.06867643060997 -56.988579663079804 10.8807829886386 42.967140318013776
247 5152.6493039131165 39859471.4036945 -4.937595023895673 -1.443017593085878 -10.547302698226922 0.04384996540372299 -133.76902643402025 -136.71520698420557 -120.51708751886287 26.054742317614796 62.48265903207289
248 5173.028063058853 38412977.91900312 -6.659310610464512 -10.309266867095122 -19.064234331877557 -13.541507961663243 -144.6871747916017 -141.0747126013856 -133.05680841447764 11.477161106125152 42.5735295539605
249 5193.919078350067 40167131.46424235 -0.4154862381079276 -39.95457420232752 -19.280225876724757 12.166361321415067 -123.65927262913488 -139.59230083913963 -120.25176747243654 -23.868843490011443 2.0008075394800926
250 5213.286242723465 41260439.689710066 -3.780414310720108 -28.572880625940137 -22.250640637487955 24.335946679527467 -111.16141035990645 -136.8018365004973 -111.83744152485838 -17.642450696732965 10.129580934938417
251 5232.857634782791 39177129.57101301 -0.24128961651358516 -18.093089436202323 -31.623798224015268 -10.096548018572605 -143.25944368586985 -133.90176352079953 -137.57284589980918 -24.031963102424243 -2.30792222277114
252 5251.821818351746 39033533.82990673 -0.10970892834044754 -20.896041613673415 -29.94409998471655 -9.14904649863891 -142.77248905322583 -132.72854807455423 -136.05943253784181 -24.275695048773173 -2.50732303151608
253 5269.988295078278 39281136.19624989 -0.974718695625997 -35.13428447524643 -30.1444124135192 8.920336208558112 -129.42763461890482 -139.72399534154937 -128.87953031373166 -24.222976036914247 -2.614319107616325
254 5291.590451002121 65590647.44395956 -28.066073249192428 -103.5751737052304 1431.729309300542 227.69765398947055 -5.708855476883883 -24.408519349503536 143.67244119886425 328.1752070765116 458.9029799202492
255 5311.463347911835 38948790.05395775 -2.7443768126644645 -19.435308515032656 -28.16501327586868 9.280093750135045 -129.83960004496282 -129.8645660307796 -134.2480559982855 -24.77466752747381 -3.102809690612446
256 5331.75209903717 39509456.64548724 -0.5788193539250148 -37.79588987823499 -20.298431558351474 13.471563348159002 -127.17460561790517 -133.83177371569883 -127.6821156883305 -25.089133074343295 -1.285768293979288
257 5351.251492977142 40267728.21465886 -2.1154984929657576 -42.458470794143686 -30.65801746474198 26.02456227533878 -112.85432480606137 -145.25078035736436 -121.17854729294288 -25.768946917327867 -0.6805931594125241
258 5370.9051558971405 39326577.97667571 -0.47792679383072745 -47.66426927854336 -26.885597929880888 -17.312361130725463 -145.801056428354 -139.7430397122289 -124.88892917489744 -27.103632616674133 -2.306869686145035
259 5392.434043884277 39528512.0260198 -12.52035470450429 -2.8776771335396254 -12.593806735725217 18.318916507233112 -121.36552177602836 -139.23459253231846 -128.46970179200275 26.603542306913482 63.476743850552
260 5411.889796495438 41182382.40954274 -0.9882406350360231 -8.647893040019278 -22.476319390942813 -6.714261138177903 -134.04756671495355 -132.775121413031 -118.49766935946383 -11.762857201215922 12.095496077013195
261 5430.65122961998 43503374.69382676 -42.718917918427294 -28.06313200041874 4.546826703114355 51.99321977059863 -95.32684180413487 -137.68642752516917 -97.30472511008747 8.55281129064133 40.60867639812898
262 5459.360540628433 91967493.72669029 -18.53445941930339 -245.0613238791404 440.1759104716424 249.44016718159023 7.614829409029614 44.213142055046546 386.8282182710402 581.773742792876 749.581969026681
263 5479.2721428871155 38884582.0499139 -0.07461253372427734 -37.17772182469608 -22.595427370297784 -15.392770809155593 -148.7173727764041 -133.38865700602076 -130.21118594611573 -22.1518232375322 -0.5895332040886387
264 5500.556293010712 40320869.10630772 -4.64201277779163 -77.03440636465517 35.641385520532445 57.97520162452007 -99.16932039963814 -136.16113529779187 -91.05287067176897 -8.736159673638838 0.2539876132010477
265 5522.17036485672 38453685.06167037 -3.0281564995542016 -49.3324140984658 -21.776301500086866 30.7307664590886 -115.18811296821724 -139.52733826428891 -129.13902651967265 -21.370940280903483 -0.21923386268383638
266 5542.149639844894 39933291.61194212 -24.84679921850784 -13.674821657746799 12.349061276380297 27.317265219355477 -119.36824722329753 -133.42317398886013 -116.04124325078351 28.731655081333884 57.75581530415673
267 5564.603914737701 39575784.890345 -12.042921533552361 -88.04889375855527 12.404087225449594 73.24510094066545 -88.23541840889072 -136.2946428912739 -90.31256598527784 -6.5058844622060406 18.043219746493605
268 5583.311992645264 38769401.84169052 -2.7782912663918875 -44.660298423988415 -25.141238560157262 0.30263264214414676 -136.94177065290398 -144.6931751113509 -132.37905565153687 -22.845887703508538 -2.745521228707048
269 5603.12837433815 38469438.3672099 -0.8214051294965348 -1.081395493721549 11.809397465065103 -24.012159074208668 -157.7286734626678 -124.50724049727842 -132.4941867492874 20.53225632462852 35.55786332883065
270 5620.605722665787 39453939.78972428 -2.2901546845833014 -18.16386118051207 -25.196641968481735 23.100468575124054 -122.87155301057304 -120.34183630015087 -123.5201461494637 -12.159696530659005 12.060042490616866
271 5641.361660718918 39002514.19694467 -0.7340517180461408 -5.323658586968538 -32.696545007709425 -8.74788465800026 -142.3852121663989 -125.30686480865734 -136.89206974866914 -24.384386664894976 -3.0062416113610197
272 5661.446207046509 39430559.59249616 -0.004427846311449102 -44.25637024582131 -29.807361234171985 -17.52694346476258 -145.73362309113185 -141.39436827694215 -127.39245916418093 -27.58637230331459 -2.8260851065130055
273 5680.88901925087 39801030.990477555 -99.62883038483308 -112.38558623973378 131.6440426942974 139.95769057466066 -45.00467254343562 -120.91893379305321 -36.17179720039218 24.52414723360573 2.3042476099204237
274 5702.271446228027 42281803.02699083 -0.21764523803821056 -17.592968391809922 -13.335447402101458 13.434043158710196 -123.39700534874986 -138.96693218763284 -114.2335757326423 4.235515630210841 33.28738135354695
275 5722.0513298511505 43226991.89121256 -31.65399512067497 -35.85667908293971 62.64229006649122 109.63539072536665 -63.22173913023205 -113.48547067853968 -83.92938715517266 16.347841475664836 30.933056782427343
276 5744.508825778961 38746882.9745974 -6.253489590883667 -19.296059209316958 -28.602008299177363 -36.136754817084 -160.68634258896842 -131.60735346786112 -132.27491861579847 -17.81414057219473 -1.4579256696296738
277 5763.704295396805 39352958.01092173 -0.622330361946398 -33.4214498962377 -32.04578082409101 9.905992233896292 -128.6950618575471 -137.73714242874735 -127.35003131257866 -21.89558922529153 -0.42355828917391136
278 5785.15855550766 37975630.57950015 -2.321626374847158 -11.956652777892828 -17.67250604378537 -2.463328211689614 -137.12191942496634 -140.12061825187226 -127.66079491828071 6.021876038543667 27.27274808659695
279 5805.197295188904 41024244.99798198 -8.973095958885063 -3.7816082402555335 -11.210094712622713 29.701691431574147 -112.00016959779211 -125.19335360199676 -120.37542638914908 -10.807976991769408 13.773370755175733
280 5824.348389387131 41507138.650809065 -11.494594091402053 -19.810875915490467 -25.58862870100493 -7.287204887339257 -131.76876126192428 -140.0950107796125 -113.05188327234146 -10.782555674704724 11.482577249266285
281 5848.91573548317 110491590.91270989 -90.90232042171291 -298.35929692032175 2599.505062803845 336.8098813066744 69.93444978717426 165.1500153697175 681.1002829542706 816.1984977858644 1102.3568133187316
282 5870.217880725861 39661633.25082889 -12.126351341150157 -41.54158031090838 -7.92667187054623 49.66816889398955 -104.06316549216922 -131.58286610563664 -115.56960238214515 -23.703803236513693 -1.9925433287823466
283 5890.938031673431 39894126.758835755 -13.825886076892505 -47.43935896434793 11.858062861474401 85.10035613013284 -78.74102039942082 -124.82397258754105 -99.81777784293149 -22.95384402039184 -2.563672171918597
284 5922.591659069061 81776004.02462694 -227.30379927032993 -307.9064430386443 1659.516616831758 489.5749479500599 197.46152382966602 409.9999353063697 1204.5214338243547 289.57467003763713 180.60696197843686
285 5941.430168390274 41118634.191827945 -6.096797278644619 -29.071829972534978 -30.725359636349573 -20.222850368360454 -144.78796632901376 -143.3064845649276 -127.8358616612457 -18.56543480689686 9.509722511122447
286 5960.779027462006 39504679.22320331 -2.1116881264868965 -35.814333926835104 -22.612683904438953 -15.06511879118851 -144.48212730018116 -129.7827074965798 -118.3568354598504 -15.484251363111014 7.5548010128138685
287 5980.421429157257 44522185.47246543 -20.620894306582947 -59.975842910987524 56.69780342405384 62.13837974340132 -89.51092804360465 -129.9554932092782 -66.14292400863468 24.346615692261935 29.00238347069319
288 6001.09197974205 38198426.465858854 -8.128126580221213 -10.590459769561537 -18.0546659997365 26.674217302886966 -118.43588181991562 -135.1056639838368 -135.48043604650292 -1.863409408125392 29.480530544976432
289 6025.803039550781 47231877.80775601 -11.77699959704914 -38.02099878105571 226.19739529712308 128.30729812606415 -68.93347521908228 -67.63767037412339 42.373641196120275 110.05675884916991 84.45057848892816
290 6046.9235496521 39481917.35655795 -14.120889871857521 -59.8761501363779 -6.991423123760249 19.00051615770886 -122.95286989490529 -141.77049545045355 -111.4524023849595 -21.033705807865033 1.8099406118891466
291 6067.69540143013 39023418.77201776 -3.0721900096180086 -2.6614602098422173 -21.16457567726848 21.66387083821199 -118.54874334544574 -135.81748072893822 -124.82758210009717 10.337500064340134 40.13271563549438
292 6088.946094036102 45047621.20720546 -56.030195653234166 -12.221734584449857 103.15491776558986 121.39629230675388 -47.0258604040597 -93.15452779378768 -7.825753255992652 59.85287204087092 99.50536569913436
293 6119.668248176575 112826267.14938447 -288.67721770957513 -374.18877773634347 2459.370310031009 572.8506717442535 243.91687637811248 396.0585733959242 1202.9513157398794 887.1014635223121 962.3772545176573
294 6139.069668769836 37081743.92904779 -45.27099707029459 -1.2828028829033715 -7.820356065535627 58.9101696573328 -94.73569618142871 -123.17451534505693 -127.25189160240012 -9.131468719894713 14.798263821748037
295 6158.451413869858 42157743.44511647 -10.477010944292449 -10.503681663172657 61.34075959575023 62.97184312281803 -104.62815281639209 -90.43595096425605 -91.30082534169935 58.4240746723201 102.59402585544115
296 6177.631188631058 39455813.80407794 -6.667262898973464 -3.773080819388254 -16.186783631619612 -4.328875586436169 -134.72740313467625 -138.04267564350891 -124.88691010706401 18.921329009764577 53.704029859033426
297 6196.170317649841 40750039.061932586 -15.172224857657541 -12.087195452499309 0.5672101619499372 29.94537255993106 -111.10106582211232 -118.62733191603797 -97.11243646712825 -12.652280258522808 10.408977999423144
298 6214.837605953217 39532805.75019299 -3.8225853211140706 -24.071622043943858 -27.359480479884674 -18.35751117936151 -147.3320431823626 -140.41022985644264 -129.77204420509764 -15.991670094525603 1.288444438389206
299 6239.881777763367 69520174.71869527 -77.28243961430454 -40.65100894341286 702.8054433137568 215.12072858813198 -2.087524521317423 60.172523806011895 224.52241061617997 468.9850430988032 462.0111610708341
300 6260.285446882248 39716233.702226594 -2.631853803180748 -64.10101745399876 -16.651851342886225 -12.320081914520529 -139.53599621310173 -147.0599011418717 -107.46504958862823 -23.089225825732854 -4.271089020521401
301 6280.3108587265015 47983475.70638806 -14.854731347397687 -2.277073948073757 53.33409661533603 118.00011591427281 -47.89854954162382 -108.20880434143498 -54.46398122155574 38.46629730368875 75.22722778107686
302 6301.777388095856 45024853.20013365 -32.60060094755217 -131.29648391247386 115.02903382978519 129.88876773429823 -52.21320277751491 -101.33801821488845 7.606855864860108 68.18400726829157 97.20860283066065
303 6320.584860563278 39532310.944673 -17.530326708290644 -38.51116291712921 -9.372742937060444 19.969284988554918 -122.45137340163497 -124.99963459424544 -109.10508233311316 -18.020467114965527 5.372153787643754
304 6343.728634595871 41140999.78496127 -4.163154282505721 -70.5529801268242 -10.893356047243515 18.03267906351661 -127.70220654830803 -138.0334590301248 -110.2519870479282 -14.020003352463334 10.979066840044197
305 6369.6833465099335 97344948.46281585 -236.93164530509887 -330.13899899793665 2060.0765523932196 483.2957849870162 181.96432613743764 231.6546307355013 833.4797018215766 686.0358021133463 835.5935361504664
306 6394.171665430069 52002190.71320879 -68.12313238584204 -22.711722794543974 440.4404481327856 183.34850844502034 -0.5942964967362947 80.16979753647684 363.00064184146333 65.80079095431756 115.08881190397744
307 6413.933829307556 38633280.428217374 -4.965592129305948 -20.467148434167267 -26.232455260231056 -16.586440239747347 -149.36494597225757 -126.25418360618539 -131.4180310684551 -17.458248120770236 3.683446242565651
308 6434.2012984752655 39178598.46293217 -0.00903637649834721 -16.202773814612062 -24.01436287034206 24.637609874940765 -115.73183509159894 -130.8407845864216 -123.58011024978674 -12.568161848653745 -1.8220537266840324
309 6464.038623332977 125015357.50532845 -152.33529395823314 -279.2275479407384 3293.781665555193 449.47643588229585 174.315533287196 458.27918198582586 1285.6366853069064 889.524378031829 1144.4219861245651
310 6485.638587713242 39980064.942255735 -4.068405165914976 -41.68877281960881 -17.754981139530543 14.71961908454739 -123.47684944652552 -144.4152079482032 -123.68861803661423 -16.461662936435175 7.321871950399327
311 6505.2444269657135 39250418.54488725 -2.6665495011197287 -47.7852616842107 -16.437917196942266 43.19588531275549 -105.06837207535828 -142.84314209579287 -126.53608756633224 -21.171147721964587 1.0722965777648596
312 6524.351382017136 41873854.388080746 -2.974611007067395 -20.645516011600122 -25.317202628864095 -6.381632440441081 -134.26395447272222 -139.78237917119714 -125.17179424455497 -10.884703686636897 19.894632463205426
