1 17.30992603302002 38492292.72322542 -0.31707291972797336 -60.249260658865936 -22.68830490890634 -16.458030383813693 -149.36960356823107 -145.31930748693037 -128.08709121388551 -20.80852382770496 0.10930879435625229
2 47.22592639923096 101704913.2855493 -313.42511283525175 -371.0365167651666 2183.4894917113684 559.7508526435703 235.75659396559774 333.45483527483736 1080.4672974890104 731.1477174428978 757.904798667631
3 70.67361044883728 102620532.07295604 -265.57943293582014 -320.96815618348967 3521.406256407141 413.8783871375682 136.15330466443683 126.071070739515 613.6692397898826 813.904666314068 1080.4310509412685
4 102.04044651985168 82243110.92215809 -233.07681913326016 -335.01921112686983 2119.3933165308435 507.0746174324592 199.45719990232047 159.09076680865041 699.5245329244196 478.42011015345804 427.90473644786437
5 132.31225109100342 90940170.16064896 -166.2622021327678 -282.36226857939766 738.5808086319046 350.91753000773616 104.84186103508301 143.2362893640667 641.204028808208 579.7956039037485 782.689144015262
6 152.40963792800903 90052774.16290942 -209.4408002042755 -228.77041514837126 1648.9554629940096 382.3897978033933 114.48580040130149 103.56042643007447 486.49728357324875 673.040955007566 904.4385546762594
7 181.19161081314087 138390551.7136095 -77.64225231855838 -196.72708351023059 2628.947278253762 376.6463050737963 94.63411565091505 421.55369939603213 1137.3490957256029 1211.5706402968794 1567.2639215145314
8 210.30886244773865 129496749.79318328 -281.3042675707168 -410.37789964836395 14584.76360574716 685.908210065011 291.28563993966577 567.1732821299352 1565.0731902426637 1036.7615113838972 1160.5443878075318
9 235.69079542160034 122081276.63393894 -323.22416764592697 -399.44362335324837 5688.258503730669 598.746991309156 257.8993748095365 382.92676671207084 1189.2769234724813 1031.0642523709796 1174.4479098290055
10 261.3569977283478 139638622.91420704 -281.2854376469442 -357.6831658596426 3494.339811275551 554.4520927960887 225.66763587358722 421.8069684590714 1220.198010326995 1336.1228986493613 1545.7433825474318
11 288.1935293674469 74414960.20118172 -238.31729102393194 -327.95443593516154 2015.992522028988 482.9274205775079 194.94103456485988 277.467534019935 948.5869339178123 219.82999269305128 168.74091255724954
12 314.61753392219543 134178183.6655813 -234.78817693558125 -316.4109672201442 2062.5955106274523 463.9058419137183 175.0605242258188 383.55748780075385 1141.4324427308272 1177.3863777764461 1551.5758389050425
13 344.2676932811737 122929538.12311733 -124.8817958310015 -306.73720271557795 7360.1609779175615 500.2696215884103 199.03567889565224 459.1640277872914 1278.498609628016 902.912879505715 1084.4209651175481
14 375.8964693546295 86810546.21742034 -311.7059694770821 -362.9565648026665 1512.688473058107 526.9943288905133 220.83018417525102 401.58093729741574 1218.3892047483228 391.1598669616923 462.7366273002466
15 402.2713770866394 80375867.2083326 -279.3527706981307 -347.0304693032265 1430.4407562601787 503.8174534361217 201.02767469232302 262.5060631194442 920.2656995483451 427.3675528568634 361.74263991835437
16 424.0121967792511 60762099.963620484 -147.3349838800469 -99.80372297238945 486.8291224087501 254.98873971394033 46.08701742242756 20.469075485647295 295.89384617726705 232.42221978929638 323.2805348993296
17 443.1391441822052 38855373.963148534 -28.235496781543805 -76.03922635951453 -6.268206782456701 -8.782933323508331 -144.00707641279976 -144.7245940010621 -110.91259381594847 -20.725758979900263 0.619226615394382
18 462.80924582481384 38546228.972723514 -7.661705384132686 -64.2280280971965 -19.110122323401733 -14.708776876371587 -148.13729367631709 -145.51879661566727 -124.30102831633201 -21.053385749025267 -0.3827580065262737
19 482.4107427597046 38501153.20299697 -1.2861142527037224 -60.99821748812295 -22.07684349090539 -16.143211275379983 -149.16580170227903 -145.2894252809179 -127.44669203670668 -20.623089168288118 0.27026895650260485
20 500.91430926322937 38548342.605570674 -10.523444431705576 -58.07654041459835 -22.421944505923292 -16.32597631304776 -149.34136699309352 -143.51546463976928 -127.84401304657024 -20.058244817438435 1.317055495078307
21 521.0952553749084 38578313.13474265 -4.185414134600636 -63.126077685478236 -20.83621503443689 -15.662165252363394 -148.8219969576245 -145.5705459877882 -125.73956656583863 -20.199946123412076 1.3482389233595882
22 539.9168725013733 38564883.40993009 -5.179754619224722 -58.693657716355084 -20.78043493170236 -15.178875416591424 -148.3354050902914 -144.6775971285586 -126.0445724595337 -21.467950758731433 -1.1444970596793382
23 558.2829270362854 38495862.20988109 -8.13592698712448 -54.66471896229609 -24.05524585686213 -16.89596400989224 -149.6824617396188 -143.18201009391095 -129.61202513191404 -21.17004168823371 0.3485351621902737
24 577.6937260627747 38496208.353439584 -6.288790643124919 -52.510024779148104 -25.35831913420151 -17.442117677535506 -150.0250625116305 -143.03998689309566 -130.94576865807545 -21.004828219079798 0.27797374974107925
25 596.745596408844 38466624.91023931 -1.393631484908271 -59.58196987236162 -22.237228253067258 -16.059198420507514 -149.07638830589826 -144.9929409137598 -127.73035604230341 -21.226198617987222 -0.9176690879817215
26 615.5690004825592 43104261.80539795 -76.57823645322254 -13.894834539303147 76.2295758815639 147.00182541004682 -31.1725498978569 -105.40675790659753 -51.09607404668026 47.116136359497546 90.31617290048587
27 634.8408069610596 38499805.737176426 -0.24557796978445445 -59.77268570907161 -22.32829250371539 -16.18877273440853 -149.1976541112517 -144.78068583837484 -127.56175306110106 -20.42238070264159 0.6309540234116753
28 653.8655135631561 38588836.169062465 -5.422153259169271 -55.75783837431419 -23.18707601648528 -16.453621742248657 -149.02008955179554 -145.759529320414 -127.99387018703231 -22.765395021158668 -2.9252139810919857
29 672.1024904251099 38787326.042829156 -2.84768009605291 -48.66891403584257 -21.91990405888069 1.1355752647855297 -136.30129273223403 -142.2201412720911 -124.33219224230771 -19.699299671660924 -1.941404108304539
30 691.592609167099 39907806.44398921 -3.2310221013659497 -38.648406316182474 -22.900295925673433 11.055838373605226 -125.9151113695155 -146.23860419061464 -128.51627316596654 -15.679281648843357 7.49126748871447
31 711.1288030147552 41682288.805103675 -23.481103837916073 -93.47692654470941 12.646635396743498 54.971244239556796 -100.6522891568176 -136.81895981740354 -83.3825758757643 -7.605185896322951 16.993245200796878
32 730.6630482673645 39266015.62232569 -3.463975952650772 -36.936248792386586 -22.189407927013043 12.510959101522445 -126.87641958480285 -140.90432695794203 -124.47122955764866 -20.87992895557238 -1.454093850532729
33 750.2456662654877 39141760.23292641 -7.62723954374138 -71.34423943561939 -11.384473717180867 34.315785843312554 -116.27965861437536 -142.07534072974056 -112.72140450701227 -8.617327460238243 12.572224650585099
34 769.2166850566864 39239668.92287082 -4.950445875741169 -29.984042020427005 -27.893478658549462 -18.514140021157246 -149.68184097759433 -141.21474068855252 -131.9266019412729 -19.965710833015578 0.04133890263744888
35 789.1996486186981 38660570.82955216 -1.1540775651789037 -50.857355561718975 -23.604137519734337 -16.464865327778256 -148.92234234159412 -143.8671848484571 -127.3065588132003 -22.553123202346285 -3.2459840713758012
36 807.8089745044708 39162253.701888144 -29.507644559700424 -54.9637138148675 -8.320735475515868 18.42482586084894 -123.22100648743628 -141.73508062146215 -115.04843875956652 -23.207035649859506 -2.6674567026297495
37 828.0944924354553 39595025.73163615 -60.94984706519289 -98.99063048632568 36.497680823828205 80.63244746326782 -78.90415390669045 -135.63379061773026 -69.04971738370779 -22.847258988773717 -1.3955290195497696
38 847.813773393631 38790828.03676308 -2.709792300219636 -47.30745350962397 -24.495710204458966 -16.995921106921244 -149.28656825060477 -145.44808439101485 -131.99188846593222 -23.457574758713122 -2.3697990011770003
39 867.1343631744385 39459594.50428777 -2.4002226317239366 -38.26091082393923 -26.689981430040653 -1.1239417244452312 -137.32501747736728 -146.67633409106406 -131.28824380165918 -17.923213809618176 2.4361403253685694
40 887.49272108078 41125078.60041107 -33.90880838341216 -66.57807596602174 24.513571636495506 87.62608160717146 -70.00535904496155 -138.0296525034044 -80.00293834520068 -12.306580081437914 11.680928122770581
41 906.7501618862152 38987562.17609479 -32.09515666845013 -58.8546954482376 -13.71186030883699 16.30259382808967 -124.7734791230037 -145.30684063036887 -119.39751672132348 -22.620183876006138 -2.3709595378138033
42 927.1509158611298 38946729.619906954 -7.938626736012928 -53.06417433895608 -14.467591877500546 16.444334405879317 -124.89222875734659 -139.3675562904886 -118.9135378715975 -21.92370668645566 0.12661915625648135
43 947.3234369754791 38583009.08031081 -1.4611890460418735 -49.707141329493986 -24.965187243087748 -16.776346952864742 -149.29891211060985 -144.76757505399718 -131.39136555734837 -24.21927822978131 -3.4738876681238366
44 966.4533059597015 39376233.36420708 -4.450394770717661 -52.730373269228636 -6.357086118589265 17.720066689689645 -128.1271627688563 -141.00185967821864 -125.43947593983785 -17.78999240719702 -1.1361382528855302
45 986.4064521789551 40104713.46258535 -6.512541038989166 -33.23889565075545 -22.56913286117065 11.66379544834625 -125.39567454393396 -144.28259715509904 -127.8050271848108 -14.310765298541241 9.395545291891608
46 1005.8885273933411 38630915.94973689 -8.290877838791944 -68.24202718841384 -18.776896905007355 -14.589182901529284 -148.2631614895442 -146.13916028269006 -123.49283945529282 -20.59953245094141 1.4438317621110741
47 1025.912147283554 39014043.72099012 -2.1405231731830128 -37.835178014345836 -29.146206487846413 9.144135723417236 -129.50518833702975 -144.40996423786936 -134.15786816431552 -21.554097575160313 -0.8778653944007146
48 1045.2696051597595 38517604.48165381 -6.162459839780871 -61.972789011592425 -17.385079646533377 -13.370755906573606 -147.3697903850678 -143.21260619222198 -124.11177944456671 -23.140736069877164 -1.5299597679712065
49 1063.8774917125702 39538298.97833776 -5.749569511332176 -32.839221143758735 -29.021682672632878 -2.193544225488722 -137.95319229468845 -144.55817920178907 -132.2824901021159 -18.03263434881103 3.31845937902483
50 1083.0337762832642 38764759.62266743 -13.492178347172906 -59.03355467802112 -17.735834402837746 -13.76966287043895 -147.44254666494516 -141.18509026386732 -121.52159386368004 -18.164362446691825 3.5362005316147815
51 1103.5879275798798 49996943.46040614 -132.5759909530449 -189.11388213189295 217.59200309316353 230.93377047072008 20.91593768234742 -83.42585204506832 108.51219856294892 31.959906044862464 69.39431467891018
52 1124.6460552215576 54994246.241489194 -6.404612968733886 -47.114864112393725 215.42604751837433 138.7729558077273 -70.06182408363092 -66.31392571596513 57.846735144976265 137.2882070587675 206.9107383713332
53 1145.5357174873352 52993731.09365743 -44.13523095512576 -22.902975731767583 174.04271197483934 118.87631993034353 -72.32919065918288 -79.03044497643384 14.966910657078643 139.36991096693146 211.83386316452572
54 1165.3100786209106 38496880.57888402 -13.420564763771768 -63.32949883818425 -13.800586659473446 4.872858077044498 -134.49009967860016 -143.01839670841213 -123.1596059046459 -23.707450876513803 -2.2676948557368632
55 1185.0582993030548 38787501.69461652 -5.06437336981376 -48.776351290315844 -24.369245877150163 -16.78897559676986 -149.14511362320866 -145.6978824327963 -131.1089561238059 -24.254125747700243 -3.21673646358812
56 1204.484482049942 38993927.53337944 -1.048097595004398 -48.26641016063857 -21.63570552855466 12.395311365261946 -131.88579172391036 -133.8962708207967 -124.91470014264866 -7.633802581796431 16.287074594501405
57 1223.5625371932983 38817144.60169455 -11.426657075231864 -44.68102171106837 -24.42722972429332 -16.80168917537077 -148.92849504085254 -143.28207930616458 -128.9798994004562 -22.86815905379399 -3.0532314896477146
58 1243.1990795135498 38541474.55153271 -0.8299551486036947 -68.77662562753478 -16.240784927809358 -13.371469034333415 -147.90321586183518 -143.59627601502257 -124.0261880989919 -19.306672723565896 4.355637443792091
59 1264.4612879753113 49936317.08907665 -3.485745820169093 -56.029699352527075 313.031583778088 142.98157679714265 -52.110091276456714 -17.225606305521808 83.22118273063563 166.519295889413 72.58372621062267
60 1284.1301600933075 38954969.49552009 -0.2932914635579298 -48.61436227455567 -25.188097014248186 -0.01675228371077253 -137.33603239287154 -146.86634456746907 -132.82231005283126 -23.675386673523008 -1.9031730936516738
61 1303.1393110752106 38512429.34313077 -7.863848637832916 -53.74429781112193 -25.676857070658052 -0.049239675034712604 -137.63460341702645 -144.89903010027058 -130.5262661370769 -22.4558338136535 -2.917003899655981
62 1322.6359429359436 39483244.617656454 -0.6449658130656495 -27.914457117749205 -33.36225578712475 -4.090604915493586 -139.57639693468337 -144.91767130946772 -139.9485887534945 -18.635190444719058 4.34711783714863
63 1342.2234518527985 39055670.84935503 -35.87288977181032 -78.79797631365435 0.17456294784057036 22.80232457307774 -124.59398540039423 -140.21474287593065 -105.18402528417255 -15.653122074927296 7.487909106098016
64 1360.6700172424316 38359574.38683032 -4.958864852740751 -56.02564548399887 -22.064484166703195 -16.412297923108184 -149.64933963363 -142.43651163469173 -131.17867985569404 -21.363332342058584 0.37527619761300457
65 1380.4107384681702 38497882.71146557 -0.23753067509098535 -59.610943448742795 -19.583521053875977 2.2788821489323823 -136.12938396943863 -145.8181712420743 -129.27358739781772 -23.734338138055364 -1.975588603485562
66 1400.0139453411102 38962395.719255455 -4.032567100762835 -44.3897717325214 -18.297251147565696 -13.554195705702739 -147.21946280153352 -141.49052751066222 -129.3831568233992 -22.515318048120832 -0.11114205101262087
67 1419.4248631000519 38469072.36041026 -3.257010191700866 -63.94170296843159 -13.26598725165045 17.364873443639866 -125.00475804638573 -142.27252485374686 -122.64936683846076 -23.079528011737295 -1.535383873509602
68 1438.6994438171387 38638857.298019245 -0.8026228928273671 -48.685578906345526 -19.237598029924804 -13.29325567037533 -147.1692420877925 -139.2601945950363 -126.00460249248408 -22.572513129409288 -1.5157239452586282
69 1471.3339388370514 135395838.49133888 -186.2649936610032 -358.4704425577815 4000.7833160718765 507.3207783831154 199.67931306575005 409.07642035826075 1213.6748699201626 1145.0482160442998 1512.8872297795235
70 1490.03271651268 38588032.46323412 -1.8847712488111998 -47.409499924956016 -23.727006425747433 -16.949772874449536 -149.78610421001991 -143.14587631553576 -134.02446000098104 -21.259691482090943 0.45312430897502054
71 1509.1031513214111 38578395.07018867 -7.773672018509995 -61.074946835751994 -14.137270126665484 -12.942883909307938 -147.17652712890046 -143.36232330996637 -124.49216767734362 -22.135976780610463 -0.556059044073038
72 1529.358498096466 38429802.293747574 -0.3647299618542945 -58.54295191501146 -22.485321761223958 -15.664681103952404 -148.98623239580013 -144.5245577452123 -129.58176054853794 -23.62740859691354 -1.7496551928795725
73 1548.6471672058105 40056503.78731214 -4.102249938208612 -34.819450594109995 -22.025422037955273 -16.60488024080375 -146.7232944327406 -144.82450216700198 -131.3902925002198 -14.169203710959778 11.026448476784196
74 1567.5487685203552 38668684.60897224 -20.48453044929058 -68.51237791581671 -9.620878478200254 -10.763271583721377 -145.9644650301222 -141.6655040690249 -119.60378847037384 -16.507838704409664 5.941640580368869
75 1587.4858539104462 38577486.09649712 -2.06845548564338 -53.545390056930884 -24.751098474542367 -0.028550496322452545 -137.6722215991411 -144.47316127717323 -130.4041179567322 -18.278048573952844 1.1560839270613883
76 1605.9648458957672 38524262.23787067 -10.422834460249753 -61.219947853298805 -17.818138115586706 -13.637112235896325 -147.9140710292453 -141.9288648096255 -125.93944205809805 -20.177715371830686 2.480871805946151
77 1630.824343919754 63865493.03593208 -244.72457866375657 -292.257425711855 917.4889084925978 421.87143230824825 151.91349005725476 161.96809061514386 692.971613822926 128.09549192202905 153.9018994855536
78 1649.9483873844147 40110131.71657867 -5.536011635053191 -32.41264335806264 -24.932861447262944 -17.924881755366954 -147.67836133173785 -146.30467504735668 -136.99343244179533 -11.25981838126603 14.721749101281489
79 1668.8258471488953 39344992.588057816 -8.737578564279843 -33.35330406028167 -27.458384547410454 10.14481575206716 -128.9981352279335 -143.2814522645387 -134.45219694392455 -20.151677546694714 1.9859910852887879
80 1687.2215132713318 42062751.564569876 -58.96898874079098 -8.435819268912276 72.78236843364968 86.2091735036338 -77.02019573672752 -101.92851400482823 -69.23310137800763 30.29681658901552 46.65815405521971
81 1706.0069739818573 41219329.830561094 -20.753046768725923 -21.26741076796293 -11.039645755447772 -0.6219637883054077 -138.28414103902495 -138.20317191617232 -127.44971261415913 -0.5749708369430095 28.255477418338273
82 1725.9696395397186 38740769.27457548 -1.8266330473721002 -40.89386207479836 -26.758217758314423 -18.152708633192816 -150.04629293412336 -142.63354724088197 -134.32090310452867 -23.786407750677995 -2.147871028310419
83 1745.3886182308197 38439549.05613406 -13.102796211907483 -51.42135230306834 -14.756525956897278 -12.385604095107453 -147.21939066947985 -137.3061552462263 -128.9966465716871 -22.057176884451906 0.5777464254761071
84 1764.7697784900665 38302386.36297185 -5.5791835124837466 -48.811950202138206 -19.373981631526263 -15.326045251047049 -149.273044039122 -138.19261710695127 -133.1948165075761 -23.011307755258144 -0.7147700476452883
85 1784.7819063663483 38783575.08251487 -13.810498255644935 -52.976414877715726 -12.28639456307586 33.100789029722606 -117.34990651968644 -141.7902758617015 -129.47066670632103 -21.67874374913822 1.7259378353218722
86 1806.4561772346497 53220936.29514956 -68.87892370572602 -125.3884801211289 211.71411447587542 156.88743181840255 -35.317508778368534 -87.30136968102835 33.123290751591185 142.37162177295045 213.12882401413663
87 1825.5926911830902 38887034.90374647 -3.528526077299494 -52.36813462053343 -21.761586577702445 1.4525012704061595 -136.66227298719159 -146.83828357753225 -132.49370457994894 -23.079042765239933 -0.7727290607123791
88 1845.4411661624908 38717949.43837418 -14.375266945512964 -59.724115919626 -16.387906444897617 3.9688238888848986 -135.19958937342108 -145.71751675860122 -127.91249687354178 -22.909662419799247 -0.851359877926086
89 1865.9017660617828 38515106.303052135 -15.17994521885056 -62.54491388790946 -20.067692827954893 2.423400762751811 -136.2983783062247 -145.85279706278425 -127.9779318445178 -22.805791167855375 -1.2020366252823464
90 1885.054249048233 38389317.36110758 -7.806116268979634 -52.89458973721746 -17.95822611140133 -14.49205823559464 -148.75436258040511 -139.4377688034337 -131.33665127187038 -23.012446140138877 -0.5702976425000656
91 1906.6396470069885 41135825.23815096 -1.527563632539831 -48.1311680141013 30.00276450708335 68.95392744320358 -88.20933493765699 -128.7209056291366 -94.596465079945 -3.82317276901955 7.895049082306798
92 1926.5936887264252 38458139.931085065 -0.7249436963383875 -34.54951362146616 -26.78683769319531 -18.867410804299652 -151.267013183497 -138.73307528596 -140.314218232935 -23.27717278980299 -1.523528728035103
93 1944.8776988983154 39268370.03117588 -10.979400825713558 -28.77312843929895 -23.086983494910477 11.1882485957791 -132.29685367920766 -138.7935879253801 -137.96330635044268 -19.480148666013008 3.0562115902155824
94 1965.048914194107 38738933.275258616 -7.291095458757308 -66.92872710940918 -7.97681523924193 -8.76208388613506 -144.92898740663668 -138.48833932199727 -117.98016921691737 -15.627189646263616 8.608219668924335
95 1983.1819984912872 38540352.97610852 -22.365006000537832 -51.51095765875037 -15.447617009590452 -31.40396248566914 -160.69497583480108 -135.50566579910839 -126.58478467485048 -19.126998186689548 4.794898758643285
96 2003.407999753952 38789647.59574538 -12.25575954023449 -75.08729863775476 -4.394587356450131 36.8891789069169 -115.18356618031508 -140.4311953778294 -115.8555753311241 -14.3371073185495 10.546012275157295
97 2022.1031439304352 38959423.69545944 -11.735011750182933 -24.82922792318534 -24.53212996004762 -6.062288054324739 -140.8220325474834 -135.91409777794985 -136.57223385073564 -21.63643539891524 0.5997255265148169
98 2041.2179868221283 39934156.07962191 -3.010801857169131 -18.01639952944513 -27.80521750679359 -36.708198251504 -161.28493182573246 -139.65261533373337 -142.30948040505274 -12.2414464608932 12.658528695988934
99 2059.0858504772186 42186565.709184475 -14.4881875781918 -37.72884164659786 -8.058835860620114 45.67829301334629 -104.60973425897092 -134.74583781817097 -120.31166449683263 -17.561037731607883 6.056899113196778
100 2078.2286064624786 41440170.32350861 -19.548139102680775 -37.14570633754176 31.878946383983624 75.36319089197247 -87.61698756224708 -116.9633853774323 -103.0088232302246 5.794422498584822 36.96334858478713
101 2096.942987680435 38650739.358182706 -38.46854972696029 -74.95289555415982 -0.8442271796494367 -7.224603200688989 -143.9893945090263 -141.44640091666844 -116.80977719764019 -20.136845871258345 2.5389279615233704
102 2115.3629517555237 38721728.62065937 -40.2162133762139 -64.80327631772673 -3.9803576725252228 19.779754460888896 -126.97148871861256 -139.20350778168512 -119.01255365255184 -17.993553486290693 5.321495245356687
103 2136.1007940769196 38489183.21599375 -0.1420095255959115 -53.83815731516894 -19.811574475513176 1.5734902017803591 -137.3814631798476 -137.3732212475992 -129.46909893086678 -15.41028796063398 8.211037369409098
104 2156.24254155159 44091219.95240112 -43.21509294535245 -78.22934816670285 97.88170392860859 99.11204935918522 -63.865880265301044 -121.24863586478995 -33.81048039329295 27.360378834363246 31.347314904557606
105 2177.8370044231415 45749956.597315185 -68.60592672465599 -149.55457773578138 128.12631960345345 141.36370128707046 -41.71874769827799 -125.89642568008685 -16.93122332663603 19.31817058449201 31.546318904711825
106 2198.0987236499786 41318634.96176065 -17.788201243339863 -43.5607333338542 -10.536889011632823 45.11968922504633 -103.4477575802356 -142.1178655266122 -120.22408098541632 -15.775212444829492 8.059146162832235
107 2218.7862215042114 53669019.11861435 -13.895111791377165 -99.6237834813025 115.9660017348242 117.32019678798824 -69.69762913784135 -62.9756604290277 23.475317307345904 210.44476936233832 301.9955648691192
108 2239.0723423957825 38426440.36174246 -8.661487092370932 -56.34808531103059 -13.230906292746404 -30.58468081750263 -160.28804464034704 -138.24934971061668 -127.81936220930737 -21.19088052291022 1.4755268938498602
109 2259.4141323566437 38624310.16983088 -2.4228491360509583 -58.686512067110314 -17.436668744373797 -13.127523466349231 -147.1422841649999 -140.25583097571985 -122.6345558177822 -19.820722595255802 2.473269863418011
110 2279.5549833774567 38883026.310202286 -5.775367610496234 -31.010862690329553 -31.158620799062554 8.243559439127353 -130.24031805469718 -137.89659043384484 -132.1557126679064 -17.90111154615255 0.7755259393628648
111 2299.8194456100464 43228373.59041751 -4.07828026391787 -91.4784849267049 11.915481541731651 111.52626724877365 -63.394988224337396 -133.23748003105135 -90.2371610398992 5.599981677853975 36.75958319758877
112 2320.3472907543182 40919007.37737449 -5.5888140905814705 -84.17003557740367 -4.081558807346674 19.109429881959258 -127.71242240962805 -141.18380509236835 -111.83718176979824 -10.8017588673884 14.916120144300066
113 2339.301819086075 41163167.16289823 -10.417631681316948 -2.5013004082312977 -13.036212530295671 9.075226393628427 -130.56470218574796 -129.4422831396755 -130.7267995079015 -0.12437213674991199 29.282801886207608
114 2358.8299281597137 38378072.961374685 -2.29584249944355 -46.045127212245646 -22.067438727694437 -16.55907237624902 -149.97774823567545 -136.34491685246792 -132.2151496103437 -19.625332602749324 2.945866226906162
115 2383.732277393341 55170953.54083319 -225.02028321489703 -265.8794593920593 605.303475617895 352.75931875052606 103.01167466007225 54.982149680310044 450.1628949429396 75.34209737522201 85.06420005227903
116 2402.389727830887 38408051.51250773 -4.524717539169298 -36.50388332401739 -23.44732828020055 -17.421285750052036 -150.41116447990254 -134.72398408288012 -135.36911463239295 -21.236306746153332 1.1492698828384391
117 2422.76740694046 38522650.32965509 -1.8577764080832981 -39.91360760135289 -12.302165141546702 -9.796775800070023 -145.26522102538738 -131.07469494857702 -127.03617803124041 -22.79268267788433 -0.12232166637500086
118 2446.37122631073 112969470.87268203 -176.19689621601327 -251.93817863922027 743.3422508264368 275.57957493090873 41.22409414395758 140.62103343298384 575.0938303368321 1001.6285570602442 1335.7083627827672
119 2464.9343922138214 38354499.26704732 -1.2695602383690634 -24.376882125113 -33.79730646879697 -21.584966771943982 -152.69192181246464 -136.07119029028462 -141.91186365885983 -21.958197417589304 -2.825760819738889
120 2484.5030419826508 38407748.63040321 -0.2555877035305194 -49.71423732689466 -20.75357438465361 -15.652783345890228 -149.1921531699362 -141.3713955907213 -134.29774527487115 -22.807021578367426 -0.8394633601878922
121 2503.9950931072235 38944040.22559275 -13.13287866858404 -15.051400098985955 -21.57347800922085 13.950052876124744 -126.66522812606432 -129.23572832543863 -133.2085264027911 -20.031976214534325 0.6491606931256797
122 2523.777829170227 38721363.117271036 -4.414757443741925 -49.28283188203983 -15.611638260406046 -12.421957871473012 -146.63027418656364 -140.54712020235235 -128.33244981737488 -23.723763214510768 -2.114087160847987
123 2543.1467192173004 38580892.98203132 -12.705940221519992 -25.15042192235414 -23.902397736296606 12.561551675013305 -127.95429137870269 -132.84840224084417 -135.92599022382024 -22.436075581997557 -1.4056328208729383
124 2562.288590192795 39172854.731481396 -2.8513699273858624 -15.193273742258105 -25.528968740917314 38.904822254984566 -111.53018411801271 -132.03056434380295 -139.45620062191733 -19.84763825867816 2.0605566552321193
125 2581.755327939987 38859824.01721147 -0.6690640022650207 -34.92591485832132 -27.89888967326668 26.80895934730553 -117.3403075010853 -141.7586485911396 -135.22733592356627 -22.835282556252935 -2.3119872409968707
126 2600.654397010803 39291799.110396035 -4.300637870853581 -23.03123694786062 -32.98794091637517 -4.457746667107898 -140.09273665217455 -141.6724399836612 -142.41631075916297 -19.170691226437327 3.2341756473379064
127 2621.304885149002 39101837.85047069 -7.762771529892094 -50.74680848790335 3.694274374732565 52.03783110757844 -102.94699935590818 -132.88266015171416 -113.13407387284332 -22.138673624428066 -1.017287274010016
128 2640.8388710021973 38499537.5180617 -25.371581987127115 -54.15803260448084 -13.56625058990781 -12.930693675878828 -147.40015463925343 -140.59299153525927 -128.4195672321066 -23.974372391479108 -2.136213268452707
129 2661.45636510849 38519659.205192104 -0.41545900159439064 -40.21248083848914 -14.216806960183547 -11.05754863150321 -145.92674326948435 -132.8881565363219 -127.30253435067203 -24.34339335672331 -2.591602783975759
130 2682.2155084609985 45533846.78513004 -58.186006936485825 -52.23893532238549 114.90344345610853 92.25251164633218 -78.88403315449212 -109.15338212772213 -60.49339294911391 59.18713482433907 70.00702023637643
131 2702.3034751415253 38394828.890431575 -1.8827863564536713 -40.84818876234059 -18.029400600316592 -31.631473302351495 -160.9383029159335 -131.63655822710143 -131.79574033159383 -20.17730426202678 2.190192748946515
132 2721.8429822921753 40153850.90341665 -25.5196299986457 -35.897226934756446 -11.452032287680154 -0.6664983597824801 -134.67519501771406 -140.2741276135588 -123.6514329532726 -14.274770838981851 10.872120505523299
133 2741.3135635852814 38685731.04685189 -8.848099535730018 -43.25083445685227 -13.235651133483103 -10.624417757215781 -145.50160307766615 -135.23394158403158 -126.05397259614983 -24.39664643047331 -2.1755894794331994
134 2760.335873365402 39434623.36445245 -1.2378289898367392 -19.728384634196342 -28.73671684568034 25.460718159932853 -121.52289546121108 -139.7426897365134 -140.6672551567018 -14.570260542993367 7.296120618501391
135 2780.577244281769 38624073.2096164 -7.164369027490965 -71.63019998777584 -5.48706931601977 18.227931673072078 -128.68872835110628 -141.49385133030654 -122.69565761407387 -15.857269919409248 8.427494149994118
136 2801.6131613254547 38458991.076616235 -2.505960674924614 -63.98169758779195 -11.997524677994875 -12.103620580624195 -147.46078730125183 -139.286389195968 -125.89792964251376 -17.485757752207007 6.4381798868723195
137 2821.040761232376 38939459.9589758 -2.279355062064994 -37.9582244617787 -24.206292235519562 -18.126040275207586 -150.27434949556724 -141.9154258024272 -135.56323502487072 -23.22149451586006 -1.0923154667017911
138 2851.3337161540985 136846250.6236072 -213.94914650724343 -347.04836095461036 1986.7005531242503 459.8577435980561 174.58997391212046 402.30813447024707 1204.7323662007843 1164.6075543062343 1553.4763989970565
139 2870.536972284317 38497415.752653934 -1.5579627954794972 -31.35771535629533 -23.735760343519004 -34.120039161422895 -162.30399499120597 -129.20371992664366 -131.69065459006538 -14.852694080083552 6.1966632424785075
140 2889.9426176548004 38928900.5594891 -4.923884783591138 -43.63601751556549 -18.75287701560314 -15.952748671059197 -149.03427794308172 -142.57599501986562 -134.33770068496506 -21.551700816594177 1.1456532455248976
141 2910.210424900055 38630899.77714611 -9.31500598456064 -22.852578468384664 -33.527146341229546 7.280411750262189 -130.99549955020515 -137.42258626904527 -140.24640333148153 -23.46141912906961 -3.1342267057244726
142 2940.959188938141 124051535.48366104 -273.0726354499567 -385.3129049679304 14432.443469286327 658.2485188034756 293.2303697480838 449.16771651577096 1305.0340404126218 1031.7797507774173 1153.2662888698453
143 2960.7663249969482 38933859.950578906 -11.02249295991533 -43.75685158406134 -16.734187587854137 14.799044183184549 -129.87725760672672 -140.96777125869232 -132.53098133019574 -21.84241716332457 -0.9713624849398457
144 2987.91667675972 62569295.28200087 -61.94453849059625 -113.09252181956 479.49297235354584 228.8293922110246 25.23712809142512 4.6710330551786114 265.087333352811 189.96193361172675 173.33199824432734
145 3008.653354883194 41345803.57687595 -2.6001619477038354 -7.5764437532949 -24.165712678431156 -5.537328916849361 -137.71632256175315 -137.79331145770755 -133.9319840408084 -0.5459007862107796 28.27330113985431
146 3033.7169091701508 63955074.48982872 -186.48422561946217 -277.8746726991481 685.970029807168 302.59942792933515 66.64681528677232 58.59027976355526 458.8597197286954 210.44105686745115 146.92476727378596
147 3059.0664830207825 83509349.65245195 -141.59563727984423 -43.3541097374429 1102.6650436806312 329.59593775423673 86.17600142038563 120.04539963620846 460.23699130293187 629.0052151379075 624.0873573686315
148 3079.815551519394 38596330.69169208 -7.888935919888931 -70.86693454069302 -3.998708818220571 -8.437011197123127 -144.73333755638401 -139.5781149572593 -117.58525471064422 -20.12749091293523 2.669848811849647
149 3099.7872247695923 38809116.501577206 -46.070150913373176 -87.25428186137306 3.063600694917831 12.746324303993504 -129.3774470910971 -146.47346221204373 -108.42574712566801 -21.999040796577162 0.4429338320176157
150 3119.6428649425507 38643184.46694943 -19.82189976678676 -73.52524490494376 -5.078206952249374 -8.678303724170746 -145.01104522126946 -139.50123464128285 -117.962458273185 -16.108572344178356 7.652968024379106
151 3139.890923023224 38780863.802519515 -11.889706370355016 -55.207898800816395 -11.507035867542378 17.911425813523024 -124.11072244147336 -140.4435284748779 -120.75362615055076 -24.75789573451999 -3.6095769467310106
152 3164.9021456241608 67464964.98723407 -174.20837206185024 -91.26608813115195 822.762338190476 316.0180623685766 89.05349293946254 196.6152327427236 659.9067450194229 181.84070276105422 265.0128879457061
153 3184.746580839157 40133602.00398241 -2.648766729728349 -27.10233052546092 -4.9407927506747455 75.78184529716782 -84.38083393402006 -127.79580069178809 -112.8216966428974 -15.581073685193644 7.694945063053638
154 3203.507951974869 38389489.984992504 -0.257522867414389 -26.44397596090609 -25.176490086000094 -34.23457202276708 -162.2464772198547 -132.3053746765426 -139.03006588485113 -24.50717126980919 -2.870136681758879
155 3224.0907208919525 53990601.075499214 -94.6122188104922 -20.89666878621873 309.1457906180721 198.10122522759417 -1.0996179348422963 -12.607151418948263 132.63820661040893 146.8005716546336 206.73724244775542
156 3251.6073141098022 126501478.33340137 -256.2773546088348 -331.7026502599722 2087.140493886989 483.2482929428399 191.23488689780527 358.07615092377137 1103.4878153000782 1053.1465322715494 1399.5043811424214
157 3271.7600710392 38398747.80610196 -0.032049829355347725 -62.54089016099473 -14.009901247968315 32.4393913972967 -118.29449219393146 -142.01678977780148 -130.0548915610962 -19.746517515008804 3.5536804504488373
158 3292.804688692093 38491111.73653748 -0.021048221528191746 -60.444878209902 -17.368907574745897 -14.506941013293712 -148.2879175305315 -144.92284936097036 -129.4173078037851 -22.961236524996707 -0.3373795855347339
159 3312.468836545944 39973992.58817586 -4.1429732642533 -27.382675153934855 -23.720484973019154 -35.666717914990684 -160.47544467537085 -142.05001659573134 -136.98232962751752 -13.317238736277375 11.64613083504662
160 3339.071580171585 117950386.97295052 -195.15805763259314 -305.6892954216401 1111.915669252212 359.4898012824923 83.12466330418232 283.6057326670049 917.6873125613361 925.6902549803801 1240.537264156814
161 3360.217239379883 38716204.59946351 -1.4115797447071756 -65.06891652429134 -21.279159993789527 1.899362435243006 -136.58770325453358 -145.22231273346887 -124.65348342138833 -18.669638315396128 3.715506121361898
162 3379.6798424720764 39100596.14776045 -0.07653403748331833 -35.84614741269296 -27.396211555710785 -2.1429151664740402 -138.75611509672783 -142.8244536796193 -137.25427370254937 -21.838466019584985 0.7916851033425019
163 3400.643226146698 38492647.296844326 -5.080371985956148 -59.29015545363325 -20.590075031128542 2.0128179731226936 -136.5656493869148 -144.43399804363298 -128.679635652696 -21.138844950187035 0.19459775993180983
164 3431.011757850647 139402905.781704 -311.2436392568036 -389.88100651003816 8797.248926464537 635.1820872201719 286.6327817905797 518.9267143190693 1465.8635834377974 1155.8231439316423 1535.2422352041908
165 3451.305242061615 38392040.39957429 -1.7273004164613415 -44.53458393232572 -20.130897027688945 -33.26494454008193 -161.73133932725565 -138.04747227062506 -133.8198926129283 -23.646600271858915 -1.7577150299255777
166 3473.5372080802917 38618411.29927169 -0.22731791627636433 -36.54451049698709 -25.91757143872544 -35.58797283217949 -162.82828633476436 -136.9226403590368 -134.6015916854995 -22.595871050996323 -0.7435761651374264
167 3495.100704431534 39240087.630223095 -6.419858511305277 -59.96297094859723 -9.630603791439036 17.347380859182692 -124.2717728541493 -144.4331889553917 -118.51909777592215 -22.51264340917561 -0.18369649702532342
168 3524.826231241226 116667489.54890713 -163.60542388732927 -330.7030542418141 3729.5264246177267 435.1472097005106 158.0218974058821 268.5460989635817 923.1653372426747 821.9354423903392 1080.2440260783658
169 3546.0953493118286 38391593.96152559 -0.712662202490554 -46.52995329355689 -15.533781496165155 -11.810003502725962 -146.81816614426833 -134.99687750760768 -130.1995104845501 -22.459788255172043 0.20608290493487402
170 3565.694751262665 39756656.98436126 -9.853179745666475 -11.748584744157808 -20.484566795585927 24.607777477405946 -116.12854496603808 -131.38523546138356 -134.67233816977728 -16.648452185735493 7.430887864200315
171 3587.7489120960236 38542110.6572213 -2.843509751962886 -64.37578874377542 -9.913754504110393 -10.495698531047381 -145.7468169260411 -139.66362226593697 -120.04280323452548 -21.80988351213466 0.5101415971483902
172 3612.557787179947 114004280.07095253 -224.4637036609068 -321.55561526154884 1527.7540373178872 407.268159604253 133.34496533128984 214.33682405090144 784.2426780055641 912.6504299789588 1160.1079029462562
173 3633.586154460907 42526201.757594 -2.938559682535308 -75.51863821907162 72.38019176019546 70.0196266926996 -97.05048780525017 -115.59315494760892 -83.51483675847919 35.038366710895616 59.70531330896813
174 3666.9033744335175 145775836.88108158 -328.76558686120717 -417.50196913725756 4619.810559568646 680.1937891673838 318.9352465910541 602.3584134780563 1650.823095397187 1265.7422279387417 1454.5455129767486
175 3699.114575147629 142940089.8609503 -309.28869052739594 -413.46339683478493 6920.8669487333855 665.141059163542 303.9853076180652 544.9601930090978 1529.699981017831 1220.9567670995916 1537.3741180701
